lt_elbow
t	x	y
0.000000000E0	-5.580000000E2	1.270000000E2
5.037777778E-2	-5.500000000E2	1.410000000E2
1.006111111E-1	-5.500000000E2	1.470000000E2
1.507000000E-1	-5.430000000E2	1.510000000E2
2.010444444E-1	-5.410000000E2	1.490000000E2
2.510777778E-1	-5.470000000E2	1.450000000E2
3.013777778E-1	-5.480000000E2	1.380000000E2
3.513777778E-1	-5.490000000E2	1.360000000E2
4.013777778E-1	-5.520000000E2	1.250000000E2
4.513777778E-1	-5.620000000E2	1.250000000E2
5.020222222E-1	-5.700000000E2	1.350000000E2
5.519444444E-1	-5.790000000E2	1.450000000E2
6.022888889E-1	-5.880000000E2	1.600000000E2
6.520888889E-1	-6.000000000E2	1.660000000E2
7.025555556E-1	-6.090000000E2	1.740000000E2
7.526333333E-1	-6.170000000E2	1.830000000E2
8.027111111E-1	-6.140000000E2	1.810000000E2
8.529888889E-1	-6.140000000E2	1.780000000E2
9.032666667E-1	-6.160000000E2	1.730000000E2
9.534000000E-1	-6.090000000E2	1.670000000E2
1.003533333E0	-6.040000000E2	1.650000000E2
1.053666667E0	-5.980000000E2	1.650000000E2
1.103633333E0	-5.940000000E2	1.590000000E2
1.153600000E0	-5.900000000E2	1.610000000E2
1.203822222E0	-5.730000000E2	1.630000000E2
1.254044444E0	-5.700000000E2	1.840000000E2
1.304400000E0	-5.660000000E2	1.990000000E2
1.354622222E0	-5.610000000E2	2.190000000E2
1.404722222E0	-5.600000000E2	2.330000000E2
1.454822222E0	-5.520000000E2	2.380000000E2
1.505100000E0	-5.460000000E2	2.430000000E2
1.555244444E0	-5.450000000E2	2.350000000E2
1.605133333E0	-5.400000000E2	2.340000000E2
1.655511111E0	-5.340000000E2	2.290000000E2
1.705655556E0	-5.400000000E2	2.150000000E2
1.755800000E0	-5.400000000E2	2.070000000E2
1.805766667E0	-5.400000000E2	2.030000000E2
1.856188889E0	-5.450000000E2	1.930000000E2
1.906311111E0	-5.510000000E2	1.890000000E2
1.956433333E0	-5.590000000E2	1.930000000E2
2.006555556E0	-5.690000000E2	2.010000000E2
2.056677778E0	-5.760000000E2	2.040000000E2
2.107011111E0	-5.930000000E2	2.050000000E2
2.156866667E0	-5.980000000E2	2.090000000E2
2.207222222E0	-6.050000000E2	2.050000000E2
2.257577778E0	-6.060000000E2	2.060000000E2
2.307588889E0	-6.060000000E2	2.050000000E2
2.357600000E0	-6.010000000E2	1.990000000E2
2.407866667E0	-5.950000000E2	1.970000000E2
2.458133333E0	-5.940000000E2	1.930000000E2
2.508200000E0	-5.880000000E2	1.950000000E2
2.558555556E0	-5.840000000E2	1.940000000E2
2.608544444E0	-5.800000000E2	1.940000000E2
2.658733333E0	-5.710000000E2	2.030000000E2
2.708622222E0	-5.620000000E2	2.170000000E2
2.759066667E0	-5.580000000E2	2.300000000E2
