lt_foot
t	x	y
0.000000000E0	-4.550000000E2	-4.910000000E2
5.037777778E-2	-4.530000000E2	-4.380000000E2
1.006111111E-1	-4.510000000E2	-3.910000000E2
1.507000000E-1	-4.450000000E2	-3.670000000E2
2.010444444E-1	-4.490000000E2	-3.490000000E2
2.510777778E-1	-4.500000000E2	-3.690000000E2
3.013777778E-1	-4.490000000E2	-3.830000000E2
3.513777778E-1	-4.580000000E2	-3.970000000E2
4.013777778E-1	-4.610000000E2	-3.940000000E2
4.513777778E-1	-4.570000000E2	-3.990000000E2
5.020222222E-1	-4.570000000E2	-3.970000000E2
5.519444444E-1	-4.590000000E2	-3.970000000E2
6.022888889E-1	-4.550000000E2	-4.010000000E2
6.520888889E-1	-4.530000000E2	-4.010000000E2
7.025555556E-1	-4.540000000E2	-4.050000000E2
7.526333333E-1	-4.530000000E2	-4.100000000E2
8.027111111E-1	-4.560000000E2	-4.090000000E2
8.529888889E-1	-4.530000000E2	-4.020000000E2
9.032666667E-1	-4.540000000E2	-4.070000000E2
9.534000000E-1	-4.540000000E2	-4.070000000E2
1.003533333E0	-4.540000000E2	-4.070000000E2
1.053666667E0	-4.540000000E2	-4.070000000E2
1.103633333E0	-4.510000000E2	-4.020000000E2
1.153600000E0	-4.470000000E2	-3.990000000E2
1.203822222E0	-4.460000000E2	-3.900000000E2
1.254044444E0	-4.490000000E2	-3.760000000E2
1.304400000E0	-4.550000000E2	-3.530000000E2
1.354622222E0	-4.570000000E2	-3.230000000E2
1.404722222E0	-4.600000000E2	-2.840000000E2
1.454822222E0	-4.610000000E2	-2.480000000E2
1.505100000E0	-4.550000000E2	-2.210000000E2
1.555244444E0	-4.610000000E2	-2.020000000E2
1.605133333E0	-4.570000000E2	-1.930000000E2
1.655511111E0	-4.590000000E2	-2.050000000E2
1.705655556E0	-4.590000000E2	-2.230000000E2
1.755800000E0	-4.730000000E2	-2.400000000E2
1.805766667E0	-4.700000000E2	-2.490000000E2
1.856188889E0	-4.710000000E2	-2.470000000E2
1.906311111E0	-4.650000000E2	-2.550000000E2
1.956433333E0	-4.670000000E2	-2.590000000E2
2.006555556E0	-4.670000000E2	-2.610000000E2
2.056677778E0	-4.680000000E2	-2.600000000E2
2.107011111E0	-4.680000000E2	-2.530000000E2
2.156866667E0	-4.670000000E2	-2.640000000E2
2.207222222E0	-4.720000000E2	-2.610000000E2
2.257577778E0	-4.640000000E2	-2.650000000E2
2.307588889E0	-4.660000000E2	-2.670000000E2
2.357600000E0	-4.630000000E2	-2.630000000E2
2.407866667E0	-4.640000000E2	-2.640000000E2
2.458133333E0	-4.640000000E2	-2.670000000E2
2.508200000E0	-4.650000000E2	-2.630000000E2
2.558555556E0	-4.610000000E2	-2.590000000E2
2.608544444E0	-4.580000000E2	-2.520000000E2
2.658733333E0	-4.630000000E2	-2.450000000E2
2.708622222E0	-4.630000000E2	-2.310000000E2
2.759066667E0	-4.630000000E2	-2.170000000E2
