lt_hand
t	x	y
0.000000000E0	-5.840000000E2	-6.400000000E1
5.037777778E-2	-5.830000000E2	-4.700000000E1
1.006111111E-1	-5.810000000E2	-5.000000000E1
1.507000000E-1	-5.730000000E2	-4.400000000E1
2.010444444E-1	-5.790000000E2	-4.200000000E1
2.510777778E-1	-5.710000000E2	-4.200000000E1
3.013777778E-1	-5.730000000E2	-4.500000000E1
3.513777778E-1	-5.770000000E2	-5.300000000E1
4.013777778E-1	-5.790000000E2	-5.500000000E1
4.513777778E-1	-5.830000000E2	-5.300000000E1
5.020222222E-1	-5.880000000E2	-4.900000000E1
5.519444444E-1	-5.910000000E2	-3.000000000E1
6.022888889E-1	-5.950000000E2	-2.100000000E1
6.520888889E-1	-6.050000000E2	-1.000000000E0
7.025555556E-1	-6.050000000E2	-2.000000000E0
7.526333333E-1	-6.050000000E2	6.000000000E0
8.027111111E-1	-6.130000000E2	6.000000000E0
8.529888889E-1	-6.130000000E2	1.500000000E1
9.032666667E-1	-6.090000000E2	1.200000000E1
9.534000000E-1	-5.990000000E2	7.000000000E0
1.003533333E0	-5.910000000E2	4.000000000E0
1.053666667E0	-5.830000000E2	-3.000000000E0
1.103633333E0	-5.760000000E2	-5.000000000E0
1.153600000E0	-5.730000000E2	-1.000000000E0
1.203822222E0	-5.710000000E2	6.000000000E0
1.254044444E0	-5.700000000E2	2.100000000E1
1.304400000E0	-5.750000000E2	3.700000000E1
1.354622222E0	-5.730000000E2	5.700000000E1
1.404722222E0	-5.710000000E2	7.500000000E1
1.454822222E0	-5.710000000E2	8.000000000E1
1.505100000E0	-5.640000000E2	8.100000000E1
1.555244444E0	-5.630000000E2	8.100000000E1
1.605133333E0	-5.600000000E2	7.000000000E1
1.655511111E0	-5.570000000E2	6.600000000E1
1.705655556E0	-5.510000000E2	6.100000000E1
1.755800000E0	-5.550000000E2	5.100000000E1
1.805766667E0	-5.580000000E2	4.700000000E1
1.856188889E0	-5.620000000E2	4.200000000E1
1.906311111E0	-5.630000000E2	4.000000000E1
1.956433333E0	-5.710000000E2	4.100000000E1
2.006555556E0	-5.760000000E2	4.900000000E1
2.056677778E0	-5.870000000E2	5.400000000E1
2.107011111E0	-5.880000000E2	6.600000000E1
2.156866667E0	-5.980000000E2	6.200000000E1
2.207222222E0	-5.970000000E2	7.000000000E1
2.257577778E0	-5.990000000E2	6.700000000E1
2.307588889E0	-5.950000000E2	6.300000000E1
2.357600000E0	-5.930000000E2	6.800000000E1
2.407866667E0	-5.850000000E2	6.200000000E1
2.458133333E0	-5.750000000E2	6.200000000E1
2.508200000E0	-5.670000000E2	6.200000000E1
2.558555556E0	-5.630000000E2	5.800000000E1
2.608544444E0	-5.610000000E2	6.000000000E1
2.658733333E0	-5.580000000E2	6.800000000E1
2.708622222E0	-5.530000000E2	8.400000000E1
2.759066667E0	-5.550000000E2	1.000000000E2
