lt_hip
t	x	y
0.000000000E0	-5.350000000E2	1.200000000E1
5.037777778E-2	-5.350000000E2	2.300000000E1
1.006111111E-1	-5.350000000E2	3.500000000E1
1.507000000E-1	-5.370000000E2	4.100000000E1
2.010444444E-1	-5.430000000E2	3.900000000E1
2.510777778E-1	-5.370000000E2	3.700000000E1
3.013777778E-1	-5.380000000E2	3.700000000E1
3.513777778E-1	-5.440000000E2	2.600000000E1
4.013777778E-1	-5.450000000E2	2.200000000E1
4.513777778E-1	-5.530000000E2	1.900000000E1
5.020222222E-1	-5.590000000E2	3.100000000E1
5.519444444E-1	-5.590000000E2	4.300000000E1
6.022888889E-1	-5.650000000E2	5.100000000E1
6.520888889E-1	-5.670000000E2	6.300000000E1
7.025555556E-1	-5.650000000E2	6.500000000E1
7.526333333E-1	-5.700000000E2	7.600000000E1
8.027111111E-1	-5.690000000E2	8.000000000E1
8.529888889E-1	-5.650000000E2	8.500000000E1
9.032666667E-1	-5.630000000E2	8.000000000E1
9.534000000E-1	-5.590000000E2	8.100000000E1
1.003533333E0	-5.590000000E2	7.900000000E1
1.053666667E0	-5.530000000E2	7.400000000E1
1.103633333E0	-5.510000000E2	7.100000000E1
1.153600000E0	-5.470000000E2	7.100000000E1
1.203822222E0	-5.430000000E2	7.600000000E1
1.254044444E0	-5.410000000E2	8.700000000E1
1.304400000E0	-5.410000000E2	1.030000000E2
1.354622222E0	-5.320000000E2	1.190000000E2
1.404722222E0	-5.340000000E2	1.290000000E2
1.454822222E0	-5.340000000E2	1.410000000E2
1.505100000E0	-5.390000000E2	1.480000000E2
1.555244444E0	-5.380000000E2	1.420000000E2
1.605133333E0	-5.370000000E2	1.350000000E2
1.655511111E0	-5.370000000E2	1.350000000E2
1.705655556E0	-5.380000000E2	1.270000000E2
1.755800000E0	-5.390000000E2	1.220000000E2
1.805766667E0	-5.450000000E2	1.150000000E2
1.856188889E0	-5.490000000E2	1.040000000E2
1.906311111E0	-5.560000000E2	1.030000000E2
1.956433333E0	-5.610000000E2	1.070000000E2
2.006555556E0	-5.590000000E2	1.140000000E2
2.056677778E0	-5.640000000E2	1.260000000E2
2.107011111E0	-5.640000000E2	1.270000000E2
2.156866667E0	-5.650000000E2	1.330000000E2
2.207222222E0	-5.630000000E2	1.360000000E2
2.257577778E0	-5.650000000E2	1.340000000E2
2.307588889E0	-5.640000000E2	1.400000000E2
2.357600000E0	-5.630000000E2	1.310000000E2
2.407866667E0	-5.590000000E2	1.370000000E2
2.458133333E0	-5.570000000E2	1.290000000E2
2.508200000E0	-5.550000000E2	1.310000000E2
2.558555556E0	-5.490000000E2	1.290000000E2
2.608544444E0	-5.450000000E2	1.340000000E2
2.658733333E0	-5.410000000E2	1.400000000E2
2.708622222E0	-5.350000000E2	1.490000000E2
2.759066667E0	-5.290000000E2	1.630000000E2
