lt_shoulder
t	x	y
0.000000000E0	-5.530000000E2	3.630000000E2
5.037777778E-2	-5.450000000E2	3.720000000E2
1.006111111E-1	-5.380000000E2	3.810000000E2
1.507000000E-1	-5.380000000E2	3.810000000E2
2.010444444E-1	-5.370000000E2	3.780000000E2
2.510777778E-1	-5.380000000E2	3.650000000E2
3.013777778E-1	-5.410000000E2	3.550000000E2
3.513777778E-1	-5.430000000E2	3.510000000E2
4.013777778E-1	-5.470000000E2	3.450000000E2
4.513777778E-1	-5.570000000E2	3.420000000E2
5.020222222E-1	-5.630000000E2	3.490000000E2
5.519444444E-1	-5.730000000E2	3.590000000E2
6.022888889E-1	-5.810000000E2	3.710000000E2
6.520888889E-1	-5.890000000E2	3.800000000E2
7.025555556E-1	-5.930000000E2	3.870000000E2
7.526333333E-1	-5.960000000E2	3.900000000E2
8.027111111E-1	-6.030000000E2	3.930000000E2
8.529888889E-1	-6.030000000E2	3.890000000E2
9.032666667E-1	-6.030000000E2	3.860000000E2
9.534000000E-1	-6.010000000E2	3.800000000E2
1.003533333E0	-5.980000000E2	3.730000000E2
1.053666667E0	-5.970000000E2	3.710000000E2
1.103633333E0	-5.890000000E2	3.630000000E2
1.153600000E0	-5.840000000E2	3.610000000E2
1.203822222E0	-5.760000000E2	3.650000000E2
1.254044444E0	-5.660000000E2	3.770000000E2
1.304400000E0	-5.620000000E2	3.890000000E2
1.354622222E0	-5.550000000E2	4.050000000E2
1.404722222E0	-5.480000000E2	4.150000000E2
1.454822222E0	-5.410000000E2	4.230000000E2
1.505100000E0	-5.320000000E2	4.250000000E2
1.555244444E0	-5.290000000E2	4.160000000E2
1.605133333E0	-5.270000000E2	4.090000000E2
1.655511111E0	-5.290000000E2	4.020000000E2
1.705655556E0	-5.350000000E2	3.930000000E2
1.755800000E0	-5.350000000E2	3.890000000E2
1.805766667E0	-5.390000000E2	3.760000000E2
1.856188889E0	-5.440000000E2	3.650000000E2
1.906311111E0	-5.510000000E2	3.610000000E2
1.956433333E0	-5.630000000E2	3.650000000E2
2.006555556E0	-5.690000000E2	3.720000000E2
2.056677778E0	-5.730000000E2	3.750000000E2
2.107011111E0	-5.760000000E2	3.790000000E2
2.156866667E0	-5.840000000E2	3.830000000E2
2.207222222E0	-5.850000000E2	3.830000000E2
2.257577778E0	-5.890000000E2	3.830000000E2
2.307588889E0	-5.890000000E2	3.830000000E2
2.357600000E0	-5.910000000E2	3.730000000E2
2.407866667E0	-5.910000000E2	3.730000000E2
2.458133333E0	-5.870000000E2	3.730000000E2
2.508200000E0	-5.820000000E2	3.670000000E2
2.558555556E0	-5.790000000E2	3.660000000E2
2.608544444E0	-5.710000000E2	3.660000000E2
2.658733333E0	-5.660000000E2	3.730000000E2
2.708622222E0	-5.580000000E2	3.840000000E2
2.759066667E0	-5.470000000E2	4.010000000E2
