rt_elbow
t	x	y
0.000000000E0	-2.410000000E2	1.420000000E2
5.037777778E-2	-2.340000000E2	1.470000000E2
1.006111111E-1	-2.300000000E2	1.510000000E2
1.507000000E-1	-2.300000000E2	1.510000000E2
2.010444444E-1	-2.310000000E2	1.430000000E2
2.510777778E-1	-2.360000000E2	1.380000000E2
3.013777778E-1	-2.410000000E2	1.340000000E2
3.513777778E-1	-2.540000000E2	1.220000000E2
4.013777778E-1	-2.570000000E2	1.220000000E2
4.513777778E-1	-2.680000000E2	1.220000000E2
5.020222222E-1	-2.830000000E2	1.380000000E2
5.519444444E-1	-2.830000000E2	1.380000000E2
6.022888889E-1	-2.990000000E2	1.710000000E2
6.520888889E-1	-3.090000000E2	1.840000000E2
7.025555556E-1	-3.200000000E2	1.960000000E2
7.526333333E-1	-3.210000000E2	2.040000000E2
8.027111111E-1	-3.210000000E2	2.090000000E2
8.529888889E-1	-3.220000000E2	2.120000000E2
9.032666667E-1	-3.220000000E2	2.120000000E2
9.534000000E-1	-3.250000000E2	2.080000000E2
1.003533333E0	-3.250000000E2	2.070000000E2
1.053666667E0	-3.240000000E2	2.000000000E2
1.103633333E0	-3.230000000E2	1.970000000E2
1.153600000E0	-3.220000000E2	1.920000000E2
1.203822222E0	-3.170000000E2	1.940000000E2
1.254044444E0	-3.150000000E2	1.990000000E2
1.304400000E0	-3.100000000E2	2.180000000E2
1.354622222E0	-3.020000000E2	2.280000000E2
1.404722222E0	-2.920000000E2	2.380000000E2
1.454822222E0	-2.830000000E2	2.420000000E2
1.505100000E0	-2.830000000E2	2.420000000E2
1.555244444E0	-2.740000000E2	2.340000000E2
1.605133333E0	-2.780000000E2	2.280000000E2
1.655511111E0	-2.820000000E2	2.210000000E2
1.705655556E0	-2.880000000E2	2.120000000E2
1.755800000E0	-2.940000000E2	2.060000000E2
1.805766667E0	-3.000000000E2	2.010000000E2
1.856188889E0	-3.080000000E2	1.940000000E2
1.906311111E0	-3.170000000E2	1.990000000E2
1.956433333E0	-3.300000000E2	2.080000000E2
2.006555556E0	-3.350000000E2	2.200000000E2
2.056677778E0	-3.450000000E2	2.310000000E2
2.107011111E0	-3.490000000E2	2.420000000E2
2.156866667E0	-3.540000000E2	2.480000000E2
2.207222222E0	-3.570000000E2	2.520000000E2
2.257577778E0	-3.600000000E2	2.530000000E2
2.307588889E0	-3.600000000E2	2.530000000E2
2.357600000E0	-3.650000000E2	2.500000000E2
2.407866667E0	-3.650000000E2	2.500000000E2
2.458133333E0	-3.620000000E2	2.430000000E2
2.508200000E0	-3.620000000E2	2.390000000E2
2.558555556E0	-3.570000000E2	2.350000000E2
2.608544444E0	-3.550000000E2	2.350000000E2
2.658733333E0	-3.510000000E2	2.380000000E2
2.708622222E0	-3.460000000E2	2.440000000E2
2.759066667E0	-3.380000000E2	2.520000000E2
