rt_foot
t	x	y
0.000000000E0	-3.750000000E2	-5.170000000E2
5.037777778E-2	-3.760000000E2	-5.120000000E2
1.006111111E-1	-3.790000000E2	-5.150000000E2
1.507000000E-1	-3.800000000E2	-5.180000000E2
2.010444444E-1	-3.830000000E2	-5.140000000E2
2.510777778E-1	-3.790000000E2	-5.140000000E2
3.013777778E-1	-3.770000000E2	-5.170000000E2
3.513777778E-1	-3.850000000E2	-5.120000000E2
4.013777778E-1	-3.810000000E2	-5.120000000E2
4.513777778E-1	-3.820000000E2	-4.940000000E2
5.020222222E-1	-3.780000000E2	-4.800000000E2
5.519444444E-1	-3.750000000E2	-4.600000000E2
6.022888889E-1	-3.730000000E2	-4.280000000E2
6.520888889E-1	-3.770000000E2	-3.950000000E2
7.025555556E-1	-3.880000000E2	-3.620000000E2
7.526333333E-1	-3.950000000E2	-3.220000000E2
8.027111111E-1	-4.050000000E2	-2.770000000E2
8.529888889E-1	-4.130000000E2	-2.610000000E2
9.032666667E-1	-4.170000000E2	-2.520000000E2
9.534000000E-1	-4.170000000E2	-2.590000000E2
1.003533333E0	-4.120000000E2	-2.820000000E2
1.053666667E0	-4.130000000E2	-3.100000000E2
1.103633333E0	-4.100000000E2	-3.080000000E2
1.153600000E0	-4.150000000E2	-3.080000000E2
1.203822222E0	-4.150000000E2	-3.120000000E2
1.254044444E0	-4.110000000E2	-3.150000000E2
1.304400000E0	-4.070000000E2	-3.170000000E2
1.354622222E0	-4.100000000E2	-3.170000000E2
1.404722222E0	-4.050000000E2	-3.210000000E2
1.454822222E0	-4.100000000E2	-3.090000000E2
1.505100000E0	-4.070000000E2	-3.230000000E2
1.555244444E0	-4.090000000E2	-3.250000000E2
1.605133333E0	-4.100000000E2	-3.210000000E2
1.655511111E0	-4.130000000E2	-3.230000000E2
1.705655556E0	-4.110000000E2	-3.260000000E2
1.755800000E0	-4.150000000E2	-3.250000000E2
1.805766667E0	-4.160000000E2	-3.280000000E2
1.856188889E0	-4.130000000E2	-3.190000000E2
1.906311111E0	-4.130000000E2	-3.150000000E2
1.956433333E0	-4.150000000E2	-3.030000000E2
2.006555556E0	-4.070000000E2	-2.850000000E2
2.056677778E0	-4.100000000E2	-2.690000000E2
2.107011111E0	-4.170000000E2	-2.400000000E2
2.156866667E0	-4.250000000E2	-2.090000000E2
2.207222222E0	-4.310000000E2	-1.810000000E2
2.257577778E0	-4.330000000E2	-1.600000000E2
2.307588889E0	-4.320000000E2	-1.480000000E2
2.357600000E0	-4.310000000E2	-1.480000000E2
2.407866667E0	-4.280000000E2	-1.620000000E2
2.458133333E0	-4.220000000E2	-1.810000000E2
2.508200000E0	-4.240000000E2	-1.910000000E2
2.558555556E0	-4.230000000E2	-1.990000000E2
2.608544444E0	-4.210000000E2	-2.030000000E2
2.658733333E0	-4.190000000E2	-1.990000000E2
2.708622222E0	-4.250000000E2	-1.950000000E2
2.759066667E0	-4.210000000E2	-1.950000000E2
