rt_hand
t	x	y
0.000000000E0	-2.300000000E2	-8.000000000E1
5.037777778E-2	-2.290000000E2	-7.300000000E1
1.006111111E-1	-2.360000000E2	-6.500000000E1
1.507000000E-1	-2.320000000E2	-6.300000000E1
2.010444444E-1	-2.360000000E2	-6.700000000E1
2.510777778E-1	-2.400000000E2	-6.900000000E1
3.013777778E-1	-2.460000000E2	-7.300000000E1
3.513777778E-1	-2.530000000E2	-7.500000000E1
4.013777778E-1	-2.600000000E2	-7.900000000E1
4.513777778E-1	-2.700000000E2	-7.700000000E1
5.020222222E-1	-2.750000000E2	-6.200000000E1
5.519444444E-1	-2.840000000E2	-3.600000000E1
6.022888889E-1	-2.900000000E2	-3.000000000E1
6.520888889E-1	-2.880000000E2	-1.700000000E1
7.025555556E-1	-2.840000000E2	-5.000000000E0
7.526333333E-1	-2.850000000E2	0.000000000E0
8.027111111E-1	-2.850000000E2	8.000000000E0
8.529888889E-1	-2.850000000E2	1.400000000E1
9.032666667E-1	-2.830000000E2	1.700000000E1
9.534000000E-1	-2.820000000E2	1.400000000E1
1.003533333E0	-2.900000000E2	1.300000000E1
1.053666667E0	-2.820000000E2	3.000000000E0
1.103633333E0	-2.900000000E2	-3.000000000E0
1.153600000E0	-2.850000000E2	-4.000000000E0
1.203822222E0	-2.900000000E2	2.000000000E0
1.254044444E0	-2.880000000E2	1.500000000E1
1.304400000E0	-2.900000000E2	2.900000000E1
1.354622222E0	-2.860000000E2	3.500000000E1
1.404722222E0	-2.840000000E2	4.900000000E1
1.454822222E0	-2.820000000E2	5.600000000E1
1.505100000E0	-2.800000000E2	5.800000000E1
1.555244444E0	-2.830000000E2	5.300000000E1
1.605133333E0	-2.820000000E2	5.100000000E1
1.655511111E0	-2.870000000E2	4.300000000E1
1.705655556E0	-2.930000000E2	3.800000000E1
1.755800000E0	-2.920000000E2	3.100000000E1
1.805766667E0	-3.020000000E2	2.600000000E1
1.856188889E0	-3.000000000E2	3.100000000E1
1.906311111E0	-3.080000000E2	2.500000000E1
1.956433333E0	-3.100000000E2	3.200000000E1
2.006555556E0	-3.150000000E2	4.300000000E1
2.056677778E0	-3.230000000E2	5.500000000E1
2.107011111E0	-3.300000000E2	6.700000000E1
2.156866667E0	-3.300000000E2	8.000000000E1
2.207222222E0	-3.350000000E2	7.700000000E1
2.257577778E0	-3.330000000E2	8.800000000E1
2.307588889E0	-3.330000000E2	8.100000000E1
2.357600000E0	-3.340000000E2	8.100000000E1
2.407866667E0	-3.390000000E2	8.100000000E1
2.458133333E0	-3.300000000E2	7.400000000E1
2.508200000E0	-3.320000000E2	7.200000000E1
2.558555556E0	-3.320000000E2	7.000000000E1
2.608544444E0	-3.280000000E2	6.900000000E1
2.658733333E0	-3.260000000E2	7.200000000E1
2.708622222E0	-3.230000000E2	8.000000000E1
2.759066667E0	-3.200000000E2	9.500000000E1
