rt_hip
t	x	y
0.000000000E0	-2.910000000E2	-5.000000000E0
5.037777778E-2	-2.910000000E2	4.000000000E0
1.006111111E-1	-2.970000000E2	9.000000000E0
1.507000000E-1	-2.990000000E2	1.800000000E1
2.010444444E-1	-3.010000000E2	1.400000000E1
2.510777778E-1	-3.020000000E2	1.400000000E1
3.013777778E-1	-3.060000000E2	1.000000000E1
3.513777778E-1	-3.130000000E2	7.000000000E0
4.013777778E-1	-3.160000000E2	6.000000000E0
4.513777778E-1	-3.210000000E2	6.000000000E0
5.020222222E-1	-3.290000000E2	1.400000000E1
5.519444444E-1	-3.310000000E2	2.200000000E1
6.022888889E-1	-3.380000000E2	4.000000000E1
6.520888889E-1	-3.420000000E2	5.000000000E1
7.025555556E-1	-3.510000000E2	6.000000000E1
7.526333333E-1	-3.570000000E2	7.100000000E1
8.027111111E-1	-3.550000000E2	7.400000000E1
8.529888889E-1	-3.560000000E2	7.800000000E1
9.032666667E-1	-3.510000000E2	7.700000000E1
9.534000000E-1	-3.490000000E2	7.900000000E1
1.003533333E0	-3.510000000E2	7.400000000E1
1.053666667E0	-3.510000000E2	6.600000000E1
1.103633333E0	-3.460000000E2	6.400000000E1
1.153600000E0	-3.510000000E2	6.600000000E1
1.203822222E0	-3.430000000E2	6.800000000E1
1.254044444E0	-3.440000000E2	7.800000000E1
1.304400000E0	-3.450000000E2	9.500000000E1
1.354622222E0	-3.440000000E2	1.040000000E2
1.404722222E0	-3.440000000E2	1.130000000E2
1.454822222E0	-3.450000000E2	1.240000000E2
1.505100000E0	-3.440000000E2	1.220000000E2
1.555244444E0	-3.470000000E2	1.240000000E2
1.605133333E0	-3.470000000E2	1.180000000E2
1.655511111E0	-3.490000000E2	1.120000000E2
1.705655556E0	-3.550000000E2	1.080000000E2
1.755800000E0	-3.520000000E2	1.040000000E2
1.805766667E0	-3.580000000E2	1.020000000E2
1.856188889E0	-3.670000000E2	9.100000000E1
1.906311111E0	-3.710000000E2	8.600000000E1
1.956433333E0	-3.710000000E2	9.800000000E1
2.006555556E0	-3.790000000E2	1.120000000E2
2.056677778E0	-3.830000000E2	1.160000000E2
2.107011111E0	-3.870000000E2	1.190000000E2
2.156866667E0	-3.910000000E2	1.230000000E2
2.207222222E0	-3.920000000E2	1.310000000E2
2.257577778E0	-3.910000000E2	1.330000000E2
2.307588889E0	-3.930000000E2	1.320000000E2
2.357600000E0	-3.890000000E2	1.320000000E2
2.407866667E0	-3.910000000E2	1.280000000E2
2.458133333E0	-3.920000000E2	1.300000000E2
2.508200000E0	-3.880000000E2	1.240000000E2
2.558555556E0	-3.900000000E2	1.180000000E2
2.608544444E0	-3.780000000E2	1.240000000E2
2.658733333E0	-3.750000000E2	1.320000000E2
2.708622222E0	-3.690000000E2	1.380000000E2
2.759066667E0	-3.710000000E2	1.520000000E2
