rt_knee
t	x	y
0.000000000E0	-3.470000000E2	-2.870000000E2
5.037777778E-2	-3.490000000E2	-2.800000000E2
1.006111111E-1	-3.500000000E2	-2.730000000E2
1.507000000E-1	-3.520000000E2	-2.700000000E2
2.010444444E-1	-3.550000000E2	-2.720000000E2
2.510777778E-1	-3.560000000E2	-2.690000000E2
3.013777778E-1	-3.590000000E2	-2.670000000E2
3.513777778E-1	-3.630000000E2	-2.710000000E2
4.013777778E-1	-3.690000000E2	-2.640000000E2
4.513777778E-1	-3.710000000E2	-2.580000000E2
5.020222222E-1	-3.730000000E2	-2.420000000E2
5.519444444E-1	-3.740000000E2	-2.270000000E2
6.022888889E-1	-3.730000000E2	-2.120000000E2
6.520888889E-1	-3.710000000E2	-1.980000000E2
7.025555556E-1	-3.780000000E2	-1.840000000E2
7.526333333E-1	-3.760000000E2	-1.600000000E2
8.027111111E-1	-3.770000000E2	-1.520000000E2
8.529888889E-1	-3.790000000E2	-1.300000000E2
9.032666667E-1	-3.790000000E2	-1.200000000E2
9.534000000E-1	-3.790000000E2	-1.170000000E2
1.003533333E0	-3.870000000E2	-1.140000000E2
1.053666667E0	-3.850000000E2	-1.300000000E2
1.103633333E0	-3.820000000E2	-1.360000000E2
1.153600000E0	-3.850000000E2	-1.400000000E2
1.203822222E0	-3.840000000E2	-1.410000000E2
1.254044444E0	-3.880000000E2	-1.380000000E2
1.304400000E0	-3.810000000E2	-1.340000000E2
1.354622222E0	-3.810000000E2	-1.300000000E2
1.404722222E0	-3.810000000E2	-1.260000000E2
1.454822222E0	-3.800000000E2	-1.220000000E2
1.505100000E0	-3.850000000E2	-1.200000000E2
1.555244444E0	-3.820000000E2	-1.160000000E2
1.605133333E0	-3.850000000E2	-1.160000000E2
1.655511111E0	-3.870000000E2	-1.230000000E2
1.705655556E0	-3.890000000E2	-1.180000000E2
1.755800000E0	-3.910000000E2	-1.250000000E2
1.805766667E0	-3.930000000E2	-1.280000000E2
1.856188889E0	-4.010000000E2	-1.260000000E2
1.906311111E0	-4.010000000E2	-1.260000000E2
1.956433333E0	-4.070000000E2	-1.160000000E2
2.006555556E0	-4.040000000E2	-1.110000000E2
2.056677778E0	-4.000000000E2	-1.010000000E2
2.107011111E0	-4.010000000E2	-9.600000000E1
2.156866667E0	-4.010000000E2	-8.000000000E1
2.207222222E0	-4.070000000E2	-6.700000000E1
2.257577778E0	-4.060000000E2	-5.500000000E1
2.307588889E0	-4.030000000E2	-4.500000000E1
2.357600000E0	-4.030000000E2	-3.200000000E1
2.407866667E0	-4.050000000E2	-3.100000000E1
2.458133333E0	-4.050000000E2	-3.400000000E1
2.508200000E0	-4.080000000E2	-4.200000000E1
2.558555556E0	-4.030000000E2	-5.300000000E1
2.608544444E0	-4.030000000E2	-5.100000000E1
2.658733333E0	-4.040000000E2	-5.200000000E1
2.708622222E0	-4.050000000E2	-4.700000000E1
2.759066667E0	-4.000000000E2	-4.600000000E1
