rt_shoulder
t	x	y
0.000000000E0	-2.400000000E2	3.390000000E2
5.037777778E-2	-2.330000000E2	3.430000000E2
1.006111111E-1	-2.330000000E2	3.430000000E2
1.507000000E-1	-2.330000000E2	3.430000000E2
2.010444444E-1	-2.370000000E2	3.380000000E2
2.510777778E-1	-2.410000000E2	3.330000000E2
3.013777778E-1	-2.450000000E2	3.250000000E2
3.513777778E-1	-2.520000000E2	3.150000000E2
4.013777778E-1	-2.590000000E2	3.070000000E2
4.513777778E-1	-2.710000000E2	3.100000000E2
5.020222222E-1	-2.870000000E2	3.190000000E2
5.519444444E-1	-2.920000000E2	3.380000000E2
6.022888889E-1	-3.010000000E2	3.530000000E2
6.520888889E-1	-3.100000000E2	3.670000000E2
7.025555556E-1	-3.130000000E2	3.750000000E2
7.526333333E-1	-3.170000000E2	3.800000000E2
8.027111111E-1	-3.220000000E2	3.870000000E2
8.529888889E-1	-3.270000000E2	3.910000000E2
9.032666667E-1	-3.280000000E2	3.880000000E2
9.534000000E-1	-3.310000000E2	3.820000000E2
1.003533333E0	-3.290000000E2	3.720000000E2
1.053666667E0	-3.290000000E2	3.690000000E2
1.103633333E0	-3.240000000E2	3.630000000E2
1.153600000E0	-3.210000000E2	3.560000000E2
1.203822222E0	-3.170000000E2	3.560000000E2
1.254044444E0	-3.090000000E2	3.630000000E2
1.304400000E0	-3.040000000E2	3.710000000E2
1.354622222E0	-2.980000000E2	3.850000000E2
1.404722222E0	-2.890000000E2	3.950000000E2
1.454822222E0	-2.850000000E2	3.990000000E2
1.505100000E0	-2.830000000E2	3.950000000E2
1.555244444E0	-2.790000000E2	3.900000000E2
1.605133333E0	-2.820000000E2	3.840000000E2
1.655511111E0	-2.850000000E2	3.750000000E2
1.705655556E0	-2.910000000E2	3.650000000E2
1.755800000E0	-2.960000000E2	3.590000000E2
1.805766667E0	-3.010000000E2	3.480000000E2
1.856188889E0	-3.100000000E2	3.410000000E2
1.906311111E0	-3.190000000E2	3.410000000E2
1.956433333E0	-3.290000000E2	3.480000000E2
2.006555556E0	-3.370000000E2	3.580000000E2
2.056677778E0	-3.420000000E2	3.650000000E2
2.107011111E0	-3.530000000E2	3.790000000E2
2.156866667E0	-3.550000000E2	3.830000000E2
2.207222222E0	-3.590000000E2	3.880000000E2
2.257577778E0	-3.590000000E2	3.880000000E2
2.307588889E0	-3.590000000E2	3.880000000E2
2.357600000E0	-3.670000000E2	3.850000000E2
2.407866667E0	-3.670000000E2	3.850000000E2
2.458133333E0	-3.670000000E2	3.770000000E2
2.508200000E0	-3.630000000E2	3.750000000E2
2.558555556E0	-3.560000000E2	3.690000000E2
2.608544444E0	-3.500000000E2	3.650000000E2
2.658733333E0	-3.450000000E2	3.710000000E2
2.708622222E0	-3.400000000E2	3.740000000E2
2.759066667E0	-3.340000000E2	3.820000000E2
