waist
t	x	y
0.000000000E0	-4.080000000E2	1.080000000E2
5.037777778E-2	-3.990000000E2	1.320000000E2
1.006111111E-1	-3.900000000E2	1.360000000E2
1.507000000E-1	-3.900000000E2	1.370000000E2
2.010444444E-1	-3.880000000E2	1.310000000E2
2.510777778E-1	-3.890000000E2	1.330000000E2
3.013777778E-1	-3.900000000E2	1.230000000E2
3.513777778E-1	-3.960000000E2	1.200000000E2
4.013777778E-1	-4.100000000E2	1.120000000E2
4.513777778E-1	-4.130000000E2	1.140000000E2
5.020222222E-1	-4.230000000E2	1.200000000E2
5.519444444E-1	-4.320000000E2	1.270000000E2
6.022888889E-1	-4.450000000E2	1.420000000E2
6.520888889E-1	-4.490000000E2	1.540000000E2
7.025555556E-1	-4.570000000E2	1.590000000E2
7.526333333E-1	-4.650000000E2	1.710000000E2
8.027111111E-1	-4.710000000E2	1.750000000E2
8.529888889E-1	-4.720000000E2	1.810000000E2
9.032666667E-1	-4.750000000E2	1.790000000E2
9.534000000E-1	-4.690000000E2	1.700000000E2
1.003533333E0	-4.700000000E2	1.660000000E2
1.053666667E0	-4.650000000E2	1.590000000E2
1.103633333E0	-4.660000000E2	1.550000000E2
1.153600000E0	-4.630000000E2	1.580000000E2
1.203822222E0	-4.550000000E2	1.600000000E2
1.254044444E0	-4.490000000E2	1.730000000E2
1.304400000E0	-4.450000000E2	1.860000000E2
1.354622222E0	-4.370000000E2	1.990000000E2
1.404722222E0	-4.310000000E2	2.090000000E2
1.454822222E0	-4.250000000E2	2.220000000E2
1.505100000E0	-4.230000000E2	2.230000000E2
1.555244444E0	-4.150000000E2	2.230000000E2
1.605133333E0	-4.180000000E2	2.170000000E2
1.655511111E0	-4.210000000E2	2.060000000E2
1.705655556E0	-4.290000000E2	2.020000000E2
1.755800000E0	-4.320000000E2	1.950000000E2
1.805766667E0	-4.340000000E2	1.900000000E2
1.856188889E0	-4.430000000E2	1.800000000E2
1.906311111E0	-4.490000000E2	1.770000000E2
1.956433333E0	-4.520000000E2	1.890000000E2
2.006555556E0	-4.590000000E2	1.930000000E2
2.056677778E0	-4.610000000E2	2.030000000E2
2.107011111E0	-4.670000000E2	2.090000000E2
2.156866667E0	-4.740000000E2	2.130000000E2
2.207222222E0	-4.770000000E2	2.140000000E2
2.257577778E0	-4.840000000E2	2.190000000E2
2.307588889E0	-4.810000000E2	2.220000000E2
2.357600000E0	-4.860000000E2	2.170000000E2
2.407866667E0	-4.880000000E2	2.130000000E2
2.458133333E0	-4.850000000E2	2.070000000E2
2.508200000E0	-4.810000000E2	1.990000000E2
2.558555556E0	-4.810000000E2	2.010000000E2
2.608544444E0	-4.720000000E2	1.970000000E2
2.658733333E0	-4.660000000E2	2.000000000E2
2.708622222E0	-4.630000000E2	2.140000000E2
2.759066667E0	-4.560000000E2	2.250000000E2
