Lt_foot
t	x	y
2.170411111E0	4.227780680E2	-1.001040212E2
2.240422222E0	4.333778171E2	-8.968071472E1
2.310444444E0	4.361404309E2	-8.356778045E1
2.380455556E0	4.387071423E2	-7.245868543E1
2.450466667E0	4.452707824E2	-6.119286859E1
2.520477778E0	4.477591330E2	-4.808530927E1
2.590488889E0	4.519127834E2	-5.192551606E1
2.660500000E0	4.515209789E2	-4.193319455E1
2.730522222E0	4.513250766E2	-3.693703379E1
2.800533333E0	4.512858961E2	-3.593780164E1
2.870544444E0	4.492874318E2	-3.601616255E1
2.940555556E0	4.502474835E2	-3.497774994E1
3.010566667E0	4.501691226E2	-3.297928564E1
3.080588889E0	4.510116330E2	-2.894317658E1
3.150600000E0	4.520108651E2	-2.890399613E1
3.220611111E0	4.498556790E2	-2.498542843E1
3.290622222E0	4.507765503E2	-2.294778367E1
3.360633333E0	4.524615709E2	-1.487556556E1
3.430655556E0	4.517563228E2	3.110613165E0
3.500666667E0	4.483473622E2	3.900460970E1
3.570677778E0	4.463883395E2	8.896621727E1
3.640688889E0	4.498759222E2	1.021129570E2
3.710700000E0	4.530303405E2	9.823356980E1
3.780722222E0	4.511494176E2	9.515751244E1
3.850733333E0	4.472700303E2	9.200309417E1
3.920744444E0	4.436454466E2	1.078732672E2
3.990755556E0	4.416469823E2	1.077949063E2
4.060766667E0	4.484848856E2	1.120660981E2
4.130788889E0	4.463688799E2	1.149854337E2
4.200800000E0	4.432536421E2	1.178655887E2
4.270811111E0	4.420976881E2	1.218233369E2
4.340822222E0	4.410200951E2	1.237826207E2
4.410833333E0	4.450953846E2	1.219408783E2
4.480855556E0	4.411768169E2	1.197856921E2
4.550866667E0	4.410592755E2	1.227833886E2
4.620877778E0	4.429401985E2	1.258594460E2
4.690888889E0	4.418626054E2	1.278187298E2
