lt_hip
t	x	y
2.170411111E0	4.528357443E2	3.584257337E2
2.240422222E0	4.537174351E2	3.614626106E2
2.310444444E0	4.535215328E2	3.664587713E2
2.380455556E0	4.575968223E2	3.646170288E2
2.450466667E0	4.532864501E2	3.724541642E2
2.520477778E0	4.475261399E2	3.662236886E2
2.590488889E0	4.402180712E2	3.739432826E2
2.660500000E0	4.329883634E2	3.796644124E2
2.730522222E0	4.276787590E2	3.874623673E2
2.800533333E0	4.224083351E2	3.942610901E2
2.870544444E0	4.211348398E2	4.012165347E2
2.940555556E0	4.221732524E2	4.002564830E2
3.010566667E0	4.242108972E2	3.993356118E2
3.080588889E0	4.240541753E2	4.033325404E2
3.150600000E0	4.261701810E2	4.004132048E2
3.220611111E0	4.261701810E2	4.004132048E2
3.290622222E0	4.333607083E2	3.956913073E2
3.360633333E0	4.402769725E2	3.979640347E2
3.430655556E0	4.452731332E2	3.981599370E2
3.500666667E0	4.541095008E2	4.025094897E2
3.570677778E0	4.569504754E2	4.066239596E2
3.640688889E0	4.588313984E2	4.097000170E2
3.710700000E0	4.564803100E2	4.186147454E2
3.780722222E0	4.575187226E2	4.176546938E2
3.850733333E0	4.575187226E2	4.176546938E2
3.920744444E0	4.575579031E2	4.166554616E2
3.990755556E0	4.506416389E2	4.143827341E2
4.060766667E0	4.415310082E2	4.170278065E2
4.130788889E0	4.331845269E2	4.257074522E2
4.200800000E0	4.309901603E2	4.306252521E2
4.270811111E0	4.308334385E2	4.346221807E2
4.340822222E0	4.248772261E2	4.333878658E2
4.410833333E0	4.227220399E2	4.373064335E2
4.480855556E0	4.247205042E2	4.373847944E2
4.550866667E0	4.225261377E2	4.423025943E2
4.620877778E0	4.226436790E2	4.393048978E2
4.690888889E0	4.266406076E2	4.394616196E2
