lt_hand
t	x	y
2.170411111E0	3.550282736E2	3.005491522E2
2.240422222E0	3.577125264E2	3.086605508E2
2.310444444E0	3.646287906E2	3.109332782E2
2.380455556E0	3.725442869E2	3.132451862E2
2.450466667E0	3.717801375E2	3.072106128E2
2.520477778E0	3.717801375E2	3.072106128E2
2.590488889E0	3.659414664E2	3.029786015E2
2.660500000E0	3.597109907E2	3.087389117E2
2.730522222E0	3.492093233E2	3.213371251E2
2.800533333E0	3.429396673E2	3.280966674E2
2.870544444E0	3.366308307E2	3.358554419E2
2.940555556E0	3.401575939E2	3.480029496E2
3.010566667E0	3.397657894E2	3.579952711E2
3.080588889E0	3.475245639E2	3.643041076E2
3.150600000E0	3.533632349E2	3.685361189E2
3.220611111E0	3.623955048E2	3.678895109E2
3.290622222E0	3.677442896E2	3.590923238E2
3.360633333E0	3.688218827E2	3.571330399E2
3.430655556E0	3.747389147E2	3.593665869E2
3.500666667E0	3.795783536E2	3.635594178E2
3.570677778E0	3.824976891E2	3.656754235E2
3.640688889E0	3.893355924E2	3.699466152E2
3.710700000E0	3.931757992E2	3.741002657E2
3.780722222E0	3.991320116E2	3.753345805E2
3.850733333E0	4.011696564E2	3.744137093E2
3.920744444E0	4.011696564E2	3.744137093E2
3.990755556E0	3.943317532E2	3.701425175E2
4.060766667E0	3.912948762E2	3.710242083E2
4.130788889E0	3.831834777E2	3.737084611E2
4.200800000E0	3.758754090E2	3.814280552E2
4.270811111E0	3.676464691E2	3.871100044E2
4.340822222E0	3.623760451E2	3.939087272E2
4.410833333E0	3.600249568E2	4.028234557E2
4.480855556E0	3.597506936E2	4.098180808E2
4.550866667E0	3.647860348E2	4.090147509E2
4.620877778E0	3.697038346E2	4.112091174E2
4.690888889E0	3.718198403E2	4.082897819E2
