lt_knee
t	x	y
2.170411111E0	4.532459636E2	1.182573933E2
2.240422222E0	4.535791281E2	1.352835203E2
2.310444444E0	4.581834843E2	1.454717441E2
2.380455556E0	4.608677371E2	1.535831426E2
2.450466667E0	4.569099890E2	1.524271887E2
2.520477778E0	4.559107568E2	1.523880082E2
2.590488889E0	4.516395650E2	1.592259115E2
2.660500000E0	4.452131871E2	1.699823824E2
2.730522222E0	4.408636345E2	1.788187500E2
2.800533333E0	4.345547979E2	1.865775245E2
2.870544444E0	4.361222773E2	1.976474390E2
2.940555556E0	4.340454520E2	1.995675424E2
3.010566667E0	4.389240714E2	2.027611412E2
3.080588889E0	4.387673496E2	2.067580698E2
3.150600000E0	4.386889887E2	2.087565341E2
3.220611111E0	4.415691438E2	2.118717719E2
3.290622222E0	4.454093506E2	2.160254223E2
3.360633333E0	4.541281768E2	2.233726714E2
3.430655556E0	4.571650537E2	2.224909806E2
3.500666667E0	4.581642859E2	2.225301611E2
3.570677778E0	4.608093582E2	2.316407918E2
3.640688889E0	4.614951468E2	2.396738295E2
3.710700000E0	4.609466204E2	2.536630796E2
3.780722222E0	4.665893893E2	2.628912517E2
3.850733333E0	4.625924607E2	2.627345299E2
3.920744444E0	4.557545574E2	2.584633381E2
3.990755556E0	4.557153770E2	2.594625702E2
4.060766667E0	4.475647979E2	2.631460552E2
4.130788889E0	4.401391879E2	2.738633457E2
4.200800000E0	4.389440535E2	2.788203260E2
4.270811111E0	4.325568560E2	2.885775648E2
4.340822222E0	4.375138363E2	2.897726992E2
4.410833333E0	4.362403410E2	2.967281438E2
4.480855556E0	4.371612123E2	2.987657886E2
4.550866667E0	4.360836192E2	3.007250724E2
4.620877778E0	4.361619801E2	2.987266081E2
4.690888889E0	4.401589087E2	2.988833299E2
