lt_shoulder
t	x	y
2.170411111E0	4.036398534E2	6.687364881E2
2.240422222E0	4.136321749E2	6.691282926E2
2.310444444E0	4.187458770E2	6.663264984E2
2.380455556E0	4.190201402E2	6.593318734E2
2.450466667E0	4.191376815E2	6.563341769E2
2.520477778E0	4.137299954E2	6.411106119E2
2.590488889E0	4.029343440E2	6.356834662E2
2.660500000E0	3.990157763E2	6.335282801E2
2.730522222E0	3.888275525E2	6.381326363E2
2.800533333E0	3.807945149E2	6.388184248E2
2.870544444E0	3.807945149E2	6.388184248E2
2.940555556E0	3.767584058E2	6.396609352E2
3.010566667E0	3.766800449E2	6.416593995E2
3.080588889E0	3.767975863E2	6.386617030E2
3.150600000E0	3.829888814E2	6.339006250E2
3.220611111E0	3.871425318E2	6.300604182E2
3.290622222E0	3.934513684E2	6.223016437E2
3.360633333E0	4.065197472E2	6.208125253E2
3.430655556E0	4.114767275E2	6.220076597E2
3.500666667E0	4.175896618E2	6.192450460E2
3.570677778E0	4.245059260E2	6.215177734E2
3.640688889E0	4.265043903E2	6.215961343E2
3.710700000E0	4.315005510E2	6.217920366E2
3.780722222E0	4.335773762E2	6.198719332E2
3.850733333E0	4.336557371E2	6.178734689E2
3.920744444E0	4.279737879E2	6.096445290E2
3.990755556E0	4.222134777E2	6.034140534E2
4.060766667E0	4.142196205E2	6.031006097E2
4.130788889E0	4.082242275E2	6.028655270E2
4.200800000E0	4.019937519E2	6.086258372E2
4.270811111E0	3.889253731E2	6.101149556E2
4.340822222E0	3.889253731E2	6.101149556E2
4.410833333E0	3.878085995E2	6.130734716E2
4.480855556E0	3.858101352E2	6.129951107E2
4.550866667E0	3.858101352E2	6.129951107E2
4.620877778E0	3.900029661E2	6.081556718E2
4.690888889E0	3.920797913E2	6.062355684E2
