neck
t	x	y
2.170411111E0	5.575024062E2	7.518286948E2
2.240422222E0	5.628903715E2	7.420322756E2
2.310444444E0	5.628903715E2	7.420322756E2
2.380455556E0	5.612053508E2	7.339600575E2
2.450466667E0	5.564050923E2	7.287679945E2
2.520477778E0	5.497630914E2	7.195006419E2
2.590488889E0	5.390458009E2	7.120750319E2
2.660500000E0	5.242140404E2	7.074903965E2
2.730522222E0	5.140649971E2	7.110955206E2
2.800533333E0	5.041902169E2	7.077060196E2
2.870544444E0	4.971172310E2	7.094302207E2
2.940555556E0	4.941195345E2	7.093126794E2
3.010566667E0	4.931203024E2	7.092734989E2
3.080588889E0	4.943154368E2	7.043165186E2
3.150600000E0	4.925520552E2	6.982427648E2
3.220611111E0	4.988608917E2	6.904839903E2
3.290622222E0	5.031320835E2	6.836460870E2
3.360633333E0	5.114002039E2	6.769649056E2
3.430655556E0	5.185123703E2	6.742414723E2
3.500666667E0	5.235477115E2	6.734381424E2
3.570677778E0	5.295431044E2	6.736732252E2
3.640688889E0	5.304639757E2	6.757108699E2
3.710700000E0	5.304639757E2	6.757108699E2
3.780722222E0	5.305423366E2	6.737124056E2
3.850733333E0	5.257812585E2	6.675211104E2
3.920744444E0	5.198642265E2	6.652875634E2
3.990755556E0	5.141039163E2	6.590570878E2
4.060766667E0	5.042683166E2	6.546683547E2
4.130788889E0	4.921208090E2	6.581951178E2
4.200800000E0	4.851261839E2	6.579208547E2
4.270811111E0	4.769756049E2	6.616043396E2
4.340822222E0	4.719010833E2	6.634069017E2
4.410833333E0	4.719010833E2	6.634069017E2
4.480855556E0	4.700593408E2	6.593316122E2
4.550866667E0	4.700593408E2	6.593316122E2
4.620877778E0	4.702944235E2	6.533362193E2
4.690888889E0	4.744088935E2	6.504952446E2
