rt_elbow
t	x	y
2.170411111E0	6.754688729E2	4.231983360E2
2.240422222E0	6.772322545E2	4.292720898E2
2.310444444E0	6.761546615E2	4.312313737E2
2.380455556E0	6.721969133E2	4.300754197E2
2.450466667E0	6.652022883E2	4.298011566E2
2.520477778E0	6.552491472E2	4.284101199E2
2.590488889E0	6.432583614E2	4.279399544E2
2.660500000E0	6.349510605E2	4.356203680E2
2.730522222E0	6.266437597E2	4.433007816E2
2.800533333E0	6.172588658E2	4.529404791E2
2.870544444E0	6.080698742E2	4.575840157E2
2.940555556E0	6.018785790E2	4.623450938E2
3.010566667E0	5.977249286E2	4.661853006E2
3.080588889E0	5.918862575E2	4.619532892E2
3.150600000E0	5.890452829E2	4.578388193E2
3.220611111E0	5.882027725E2	4.538027102E2
3.290622222E0	5.914355517E2	4.479248587E2
3.360633333E0	5.935123769E2	4.460047553E2
3.430655556E0	5.985477181E2	4.452014254E2
3.500666667E0	6.033871571E2	4.493942563E2
3.570677778E0	6.062673122E2	4.525094941E2
3.640688889E0	6.101075189E2	4.566631445E2
3.710700000E0	6.099507971E2	4.606600731E2
3.780722222E0	6.079523328E2	4.605817122E2
3.850733333E0	6.019569399E2	4.603466295E2
3.920744444E0	5.989592435E2	4.602290881E2
3.990755556E0	5.929246701E2	4.609932375E2
4.060766667E0	5.839315807E2	4.606406135E2
4.130788889E0	5.766626925E2	4.673609754E2
4.200800000E0	5.672777986E2	4.770006728E2
4.270811111E0	5.611256839E2	4.807625187E2
4.340822222E0	5.550127496E2	4.835251324E2
4.410833333E0	5.478614028E2	4.872477979E2
4.480855556E0	5.428260616E2	4.880511277E2
4.550866667E0	5.428260616E2	4.880511277E2
4.620877778E0	5.421010926E2	4.810173222E2
4.690888889E0	5.421010926E2	4.810173222E2
