rt_foot
t	x	y
2.170411111E0	5.235040906E2	-1.932290359E2
2.240422222E0	5.235432711E2	-1.942282681E2
2.310444444E0	5.235432711E2	-1.942282681E2
2.380455556E0	5.214272654E2	-1.913089326E2
2.450466667E0	5.214272654E2	-1.913089326E2
2.520477778E0	5.191153575E2	-1.833934362E2
2.590488889E0	5.237197137E2	-1.732052125E2
2.660500000E0	5.288531366E2	-1.509870224E2
2.730522222E0	5.345156263E2	-1.167388661E2
2.800533333E0	5.368277954E2	-7.361516180E1
2.870544444E0	5.389048818E2	-2.449606457E1
2.940555556E0	5.246021881E2	-1.705073370E1
3.010566667E0	5.148449493E2	-2.343793114E1
3.080588889E0	5.108480207E2	-2.359465295E1
3.150600000E0	5.121804173E2	-6.529345474E0
3.220611111E0	5.083599313E2	1.433698834E1
3.290622222E0	5.113184473E2	1.545376185E1
3.360633333E0	5.120434163E2	2.248756737E1
3.430655556E0	5.140810611E2	2.156669612E1
3.500666667E0	5.149627519E2	2.460357303E1
3.570677778E0	5.130426485E2	2.252674782E1
3.640688889E0	5.128859267E2	2.652367642E1
3.710700000E0	5.139635197E2	2.456439257E1
3.780722222E0	5.148843910E2	2.660203733E1
3.850733333E0	5.149235714E2	2.560280518E1
3.920744444E0	5.147276691E2	3.059896593E1
3.990755556E0	5.124941221E2	3.651599794E1
4.060766667E0	5.142183233E2	4.358898390E1
4.130788889E0	5.165107716E2	6.169270398E1
4.200800000E0	5.153353580E2	9.166966852E1
4.270811111E0	5.130431709E2	1.246051491E2
4.340822222E0	5.008173023E2	1.301303765E2
4.410833333E0	4.979763277E2	1.260159066E2
4.480855556E0	4.932936106E2	1.178261471E2
4.550866667E0	4.929018060E2	1.278184686E2
4.620877778E0	4.907466199E2	1.317370363E2
4.690888889E0	4.882779902E2	1.436494612E2
