rt_hand
t	x	y
2.170411111E0	6.791123939E2	2.792305453E2
2.240422222E0	6.745669389E2	2.930630737E2
2.310444444E0	6.700214840E2	3.068956020E2
2.380455556E0	6.607541314E2	3.135376029E2
2.450466667E0	6.537986868E2	3.122641076E2
2.520477778E0	6.438063653E2	3.118723031E2
2.590488889E0	6.407694884E2	3.127539939E2
2.660500000E0	6.358908690E2	3.095603952E2
2.730522222E0	6.365374771E2	3.185926650E2
2.800533333E0	6.292685889E2	3.253130269E2
2.870544444E0	6.231948350E2	3.270764085E2
2.940555556E0	6.180811329E2	3.298782026E2
3.010566667E0	6.047384909E2	3.383619461E2
3.080588889E0	6.018583358E2	3.352467083E2
3.150600000E0	5.987822784E2	3.371276312E2
3.220611111E0	5.949420716E2	3.329739808E2
3.290622222E0	5.970188968E2	3.310538774E2
3.360633333E0	6.030142897E2	3.312889602E2
3.430655556E0	6.109689665E2	3.326016359E2
3.500666667E0	6.105771620E2	3.425939574E2
3.570677778E0	6.133397757E2	3.487068917E2
3.640688889E0	6.089902230E2	3.575432593E2
3.710700000E0	6.076383668E2	3.664971682E2
3.780722222E0	6.024071233E2	3.722966588E2
3.850733333E0	6.024071233E2	3.722966588E2
3.920744444E0	5.954908592E2	3.700239313E2
3.990755556E0	5.926107041E2	3.669086935E2
4.060766667E0	5.885745950E2	3.677512039E2
4.130788889E0	5.863410480E2	3.736682359E2
4.200800000E0	5.780729276E2	3.803494173E2
4.270811111E0	5.729200451E2	3.841504436E2
4.340822222E0	5.677279820E2	3.889507021E2
4.410833333E0	5.617325891E2	3.887156194E2
4.480855556E0	5.566580675E2	3.905181814E2
4.550866667E0	5.525435975E2	3.933591561E2
4.620877778E0	5.507410355E2	3.882846344E2
4.690888889E0	5.507410355E2	3.882846344E2
