rt_hip
t	x	y
2.170411111E0	5.999579532E2	3.581898673E2
2.240422222E0	5.957259419E2	3.640285384E2
2.310444444E0	5.957259419E2	3.640285384E2
2.380455556E0	5.948050706E2	3.619908937E2
2.450466667E0	5.886921364E2	3.647535074E2
2.520477778E0	5.816583309E2	3.654784764E2
2.590488889E0	5.736644737E2	3.651650328E2
2.660500000E0	5.615169660E2	3.686917959E2
2.730522222E0	5.532880261E2	3.743737452E2
2.800533333E0	5.430606219E2	3.799773336E2
2.870544444E0	5.397494818E2	3.878536494E2
2.940555556E0	5.365950635E2	3.917330367E2
3.010566667E0	5.363991613E2	3.967291974E2
3.080588889E0	5.382800842E2	3.998052548E2
3.150600000E0	5.382800842E2	3.998052548E2
3.220611111E0	5.382800842E2	3.998052548E2
3.290622222E0	5.382800842E2	3.998052548E2
3.360633333E0	5.402785485E2	3.998836157E2
3.430655556E0	5.501141482E2	4.042723488E2
3.500666667E0	5.559919998E2	4.075051280E2
3.570677778E0	5.568736906E2	4.105420049E2
3.640688889E0	5.597538457E2	4.136572427E2
3.710700000E0	5.575594791E2	4.185750426E2
3.780722222E0	5.575594791E2	4.185750426E2
3.850733333E0	5.536409114E2	4.164198565E2
3.920744444E0	5.477238794E2	4.141863095E2
3.990755556E0	5.438053117E2	4.120311233E2
4.060766667E0	5.326570362E2	4.155970670E2
4.130788889E0	5.275825145E2	4.173996290E2
4.200800000E0	5.182759816E2	4.250408621E2
4.270811111E0	5.140047898E2	4.318787654E2
4.340822222E0	5.109679129E2	4.327604562E2
4.410833333E0	5.048549786E2	4.355230699E2
4.480855556E0	5.046982568E2	4.395199985E2
4.550866667E0	5.046982568E2	4.395199985E2
4.620877778E0	5.046982568E2	4.395199985E2
4.690888889E0	5.046982568E2	4.395199985E2
