rt_shoulder
t	x	y
2.170411111E0	6.838361199E2	6.436954770E2
2.240422222E0	6.838361199E2	6.436954770E2
2.310444444E0	6.838361199E2	6.436954770E2
2.380455556E0	6.829544291E2	6.406586001E2
2.450466667E0	6.742356029E2	6.333113510E2
2.520477778E0	6.644000032E2	6.289226178E2
2.590488889E0	6.544076817E2	6.285308133E2
2.660500000E0	6.394191994E2	6.279431065E2
2.730522222E0	6.233531241E2	6.293146836E2
2.800533333E0	6.151633646E2	6.339974007E2
2.870544444E0	6.072086878E2	6.326847249E2
2.940555556E0	6.010565731E2	6.364465708E2
3.010566667E0	5.970596445E2	6.362898490E2
3.080588889E0	5.942970308E2	6.301769147E2
3.150600000E0	5.945321135E2	6.241815218E2
3.220611111E0	5.948455571E2	6.161876646E2
3.290622222E0	5.981175167E2	6.093105809E2
3.360633333E0	6.023495281E2	6.034719098E2
3.430655556E0	6.084232819E2	6.017085282E2
3.500666667E0	6.113034370E2	6.048237661E2
3.570677778E0	6.113034370E2	6.048237661E2
3.640688889E0	6.181413402E2	6.090949578E2
3.710700000E0	6.161820564E2	6.080173648E2
3.780722222E0	6.161820564E2	6.080173648E2
3.850733333E0	6.092266118E2	6.067438694E2
3.920744444E0	6.042304510E2	6.065479672E2
3.990755556E0	5.983917799E2	6.023159559E2
4.060766667E0	5.865185355E2	5.988480940E2
4.130788889E0	5.733326152E2	6.033349088E2
4.200800000E0	5.661812684E2	6.070575743E2
4.270811111E0	5.591474628E2	6.077825433E2
4.340822222E0	5.519569355E2	6.125044408E2
4.410833333E0	5.499584712E2	6.124260799E2
4.480855556E0	5.470783161E2	6.093108421E2
4.550866667E0	5.461182644E2	6.082724295E2
4.620877778E0	5.453541150E2	6.022378562E2
4.690888889E0	5.465100690E2	5.982801080E2
