waist
t	x	y
2.170411111E0	5.252900662E2	3.992959089E2
2.240422222E0	5.252900662E2	3.992959089E2
2.310444444E0	5.241341123E2	4.032536571E2
2.380455556E0	5.241341123E2	4.032536571E2
2.450466667E0	5.250941640E2	4.042920697E2
2.520477778E0	5.160618942E2	4.049386778E2
2.590488889E0	5.100665013E2	4.047035950E2
2.660500000E0	4.976447305E2	4.152249833E2
2.730522222E0	4.905717445E2	4.169491844E2
2.800533333E0	4.833812172E2	4.216710820E2
2.870544444E0	4.812260311E2	4.255896497E2
2.940555556E0	4.811476702E2	4.275881140E2
3.010566667E0	4.819118196E2	4.336226873E2
3.080588889E0	4.819118196E2	4.336226873E2
3.150600000E0	4.819118196E2	4.336226873E2
3.220611111E0	4.859871091E2	4.317809449E2
3.290622222E0	4.860262896E2	4.307817127E2
3.360633333E0	4.909832699E2	4.319768471E2
3.430655556E0	4.930209146E2	4.310559759E2
3.500666667E0	5.038165660E2	4.364831216E2
3.570677778E0	5.027781534E2	4.374431733E2
3.640688889E0	5.066967211E2	4.395983594E2
3.710700000E0	5.066967211E2	4.395983594E2
3.780722222E0	5.095376957E2	4.437128294E2
3.850733333E0	5.104585670E2	4.457504741E2
3.920744444E0	5.045415350E2	4.435169271E2
3.990755556E0	4.956659870E2	4.401666066E2
4.060766667E0	4.906698262E2	4.399707043E2
4.130788889E0	4.784047772E2	4.464951640E2
4.200800000E0	4.751719981E2	4.523730155E2
4.270811111E0	4.699015741E2	4.591717383E2
4.340822222E0	4.699015741E2	4.591717383E2
4.410833333E0	4.678247489E2	4.610918417E2
4.480855556E0	4.677463880E2	4.630903060E2
4.550866667E0	4.677072076E2	4.640895381E2
4.620877778E0	4.656695628E2	4.650104094E2
4.690888889E0	4.677072076E2	4.640895381E2
