lt_elbow
t	x	y
0.000000000E0	-7.135887988E2	-3.727339720E1
5.010000000E-2	-6.881208548E2	-2.878408254E1
1.002000000E-1	-6.569933677E2	-8.975681651E0
1.503000000E-1	-6.400147384E2	2.215180545E1
2.007444444E-1	-6.258658806E2	4.196020634E1
2.506555556E-1	-6.159616802E2	5.893883567E1
3.009222222E-1	-6.003979366E2	8.157700811E1
3.510777778E-1	-5.975681651E2	9.572586588E1
4.011333333E-1	-5.862490789E2	1.112896094E2
4.515555556E-1	-5.805895357E2	1.226086957E2
5.017888889E-1	-5.777597642E2	1.155342668E2
5.518444444E-1	-5.777597642E2	1.141193810E2
6.019000000E-1	-5.777597642E2	1.098747237E2
6.519555556E-1	-5.834193073E2	1.042151805E2
7.023000000E-1	-5.904937362E2	1.042151805E2
7.525333333E-1	-6.003979366E2	1.084598379E2
8.026666667E-1	-6.032277082E2	1.112896094E2
8.525888889E-1	-6.088872513E2	1.296831245E2
9.027333333E-1	-6.173765660E2	1.367575534E2
9.531777778E-1	-6.187914517E2	1.480766396E2
1.003055556E0	-6.173765660E2	1.579808401E2
1.053444444E0	-6.244509948E2	1.664701548E2
1.103522222E0	-6.286956522E2	1.692999263E2
1.154000000E0	-6.230361091E2	1.579808401E2
1.203711111E0	-6.216212233E2	1.509064112E2
1.253866667E0	-6.131319086E2	1.480766396E2
1.304211111E0	-5.989830508E2	1.494915254E2
1.354333333E0	-5.947383935E2	1.509064112E2
1.404455556E0	-5.876639646E2	1.593957259E2
1.454577778E0	-5.607811349E2	1.891083272E2
1.504844444E0	-5.522918202E2	2.117464996E2
1.555000000E0	-5.466322771E2	2.287251290E2
1.605044444E0	-5.338983051E2	2.471186441E2
1.655088889E0	-5.239941046E2	2.626823876E2
1.705500000E0	-5.183345615E2	2.655121592E2
1.755911111E0	-5.155047900E2	2.725865881E2
