lt_foot
t	x	y
0.000000000E0	-4.971428571E2	-1.029357798E3
5.010000000E-2	-4.999737877E2	-1.010956750E3
1.002000000E-1	-5.084665793E2	-9.741546527E2
1.503000000E-1	-5.098820446E2	-9.288597641E2
2.007444444E-1	-5.028047182E2	-8.665792923E2
2.506555556E-1	-4.943119266E2	-7.929750983E2
3.009222222E-1	-4.858191350E2	-7.165399738E2
3.510777778E-1	-4.744954128E2	-6.443512451E2
4.011333333E-1	-4.631716907E2	-5.905635649E2
4.515555556E-1	-4.518479685E2	-5.693315858E2
5.017888889E-1	-4.405242464E2	-5.622542595E2
5.518444444E-1	-4.306159895E2	-5.693315858E2
6.019000000E-1	-4.235386632E2	-5.834862385E2
6.519555556E-1	-4.207077326E2	-5.948099607E2
7.023000000E-1	-4.221231979E2	-5.976408912E2
7.525333333E-1	-4.263695937E2	-6.033027523E2
8.026666667E-1	-4.263695937E2	-6.018872870E2
8.525888889E-1	-4.249541284E2	-5.948099607E2
9.027333333E-1	-4.249541284E2	-5.990563565E2
9.531777778E-1	-4.277850590E2	-5.990563565E2
1.003055556E0	-4.235386632E2	-5.976408912E2
1.053444444E0	-4.192922674E2	-6.004718218E2
1.103522222E0	-4.207077326E2	-5.976408912E2
1.154000000E0	-4.178768021E2	-5.976408912E2
1.203711111E0	-4.178768021E2	-5.976408912E2
1.253866667E0	-4.150458716E2	-5.891480996E2
1.304211111E0	-4.093840105E2	-5.919790301E2
1.354333333E0	-4.122149410E2	-5.877326343E2
1.404455556E0	-4.107994758E2	-5.665006553E2
1.454577778E0	-4.164613368E2	-5.353604194E2
1.504844444E0	-4.263695937E2	-5.042201835E2
1.555000000E0	-4.263695937E2	-4.575098296E2
1.605044444E0	-4.192922674E2	-3.952293578E2
1.655088889E0	-4.150458716E2	-3.400262123E2
1.705500000E0	-4.150458716E2	-3.060550459E2
1.755911111E0	-4.079685452E2	-2.805766710E2
