lt_hip
t	x	y
0.000000000E0	-5.792398427E2	-3.173787680E2
5.010000000E-2	-5.650851900E2	-3.103014417E2
1.002000000E-1	-5.537614679E2	-2.961467890E2
1.503000000E-1	-5.424377457E2	-2.791612058E2
2.007444444E-1	-5.282830931E2	-2.579292267E2
2.506555556E-1	-5.212057667E2	-2.395281782E2
3.009222222E-1	-5.169593709E2	-2.225425950E2
3.510777778E-1	-5.127129751E2	-2.083879423E2
4.011333333E-1	-5.141284404E2	-1.899868938E2
4.515555556E-1	-5.112975098E2	-1.871559633E2
5.017888889E-1	-5.141284404E2	-1.800786370E2
5.518444444E-1	-5.141284404E2	-1.800786370E2
6.019000000E-1	-5.141284404E2	-1.772477064E2
6.519555556E-1	-5.183748362E2	-1.744167759E2
7.023000000E-1	-5.197903014E2	-1.730013106E2
7.525333333E-1	-5.254521625E2	-1.616775885E2
8.026666667E-1	-5.240366972E2	-1.404456094E2
8.525888889E-1	-5.240366972E2	-1.262909567E2
9.027333333E-1	-5.282830931E2	-1.008125819E2
9.531777778E-1	-5.212057667E2	-8.948885976E1
1.003055556E0	-5.169593709E2	-6.967234600E1
1.053444444E0	-5.056356488E2	-6.117955439E1
1.103522222E0	-5.056356488E2	-5.834862385E1
1.154000000E0	-4.971428571E2	-5.693315858E1
1.203711111E0	-4.928964613E2	-5.551769332E1
1.253866667E0	-4.872346003E2	-5.410222805E1
1.304211111E0	-4.858191350E2	-5.834862385E1
1.354333333E0	-4.744954128E2	-5.693315858E1
1.404455556E0	-4.702490170E2	-4.136304063E1
1.454577778E0	-4.603407602E2	-2.720838794E1
1.504844444E0	-4.603407602E2	-1.730013106E1
1.555000000E0	-4.532634338E2	-5.976408912E0
1.605044444E0	-4.532634338E2	8.178243775E0
1.655088889E0	-4.546788991E2	2.091743119E1
1.705500000E0	-4.546788991E2	2.657929227E1
1.755911111E0	-4.575098296E2	3.365661861E1
