lt_hand
t	x	y
0.000000000E0	-6.994399410E2	-2.862932940E2
5.010000000E-2	-6.810464259E2	-2.622402358E2
1.002000000E-1	-6.626529108E2	-2.438467207E2
1.503000000E-1	-6.428445099E2	-2.183787767E2
2.007444444E-1	-6.357700811E2	-2.014001474E2
2.506555556E-1	-6.272807664E2	-1.688577745E2
3.009222222E-1	-6.202063375E2	-1.532940310E2
3.510777778E-1	-6.202063375E2	-1.278260870E2
4.011333333E-1	-6.173765660E2	-1.235814296E2
4.515555556E-1	-6.187914517E2	-1.136772292E2
5.017888889E-1	-6.244509948E2	-1.207516581E2
5.518444444E-1	-6.230361091E2	-1.235814296E2
6.019000000E-1	-6.230361091E2	-1.249963154E2
6.519555556E-1	-6.286956522E2	-1.278260870E2
7.023000000E-1	-6.315254237E2	-1.221665438E2
7.525333333E-1	-6.371849668E2	-1.249963154E2
8.026666667E-1	-6.371849668E2	-1.108474576E2
8.525888889E-1	-6.414296242E2	-1.094325718E2
9.027333333E-1	-6.428445099E2	-8.537951363E1
9.531777778E-1	-6.400147384E2	-6.840088430E1
1.003055556E0	-6.371849668E2	-5.000736920E1
1.053444444E0	-6.343551953E2	-3.585851142E1
1.103522222E0	-6.258658806E2	-3.444362564E1
1.154000000E0	-6.202063375E2	-3.161385409E1
1.203711111E0	-6.117170228E2	-3.444362564E1
1.253866667E0	-6.003979366E2	-3.727339720E1
1.304211111E0	-5.947383935E2	-4.293294031E1
1.354333333E0	-5.890788504E2	-3.868828298E1
1.404455556E0	-5.834193073E2	-3.019896831E1
1.454577778E0	-5.706853353E2	-8.975681651E0
1.504844444E0	-5.650257922E2	8.002947679E0
1.555000000E0	-5.579513633E2	2.498157701E1
1.605044444E0	-5.508769344E2	4.478997789E1
1.655088889E0	-5.480471629E2	5.610906411E1
1.705500000E0	-5.522918202E2	6.884303611E1
1.755911111E0	-5.480471629E2	7.167280766E1
