lt_knee
t	x	y
0.000000000E0	-5.226212320E2	-6.839842726E2
5.010000000E-2	-5.197903014E2	-6.585058978E2
1.002000000E-1	-5.197903014E2	-6.443512451E2
1.503000000E-1	-5.226212320E2	-6.146264744E2
2.007444444E-1	-5.212057667E2	-5.707470511E2
2.506555556E-1	-5.141284404E2	-5.339449541E2
3.009222222E-1	-5.070511140E2	-4.900655308E2
3.510777778E-1	-4.943119266E2	-4.546788991E2
4.011333333E-1	-4.886500655E2	-4.235386632E2
4.515555556E-1	-4.773263434E2	-3.994757536E2
5.017888889E-1	-4.716644823E2	-3.796592398E2
5.518444444E-1	-4.716644823E2	-3.725819135E2
6.019000000E-1	-4.660026212E2	-3.669200524E2
6.519555556E-1	-4.688335518E2	-3.711664482E2
7.023000000E-1	-4.617562254E2	-3.725819135E2
7.525333333E-1	-4.631716907E2	-3.754128440E2
8.026666667E-1	-4.716644823E2	-3.782437746E2
8.525888889E-1	-4.744954128E2	-3.754128440E2
9.027333333E-1	-4.759108781E2	-3.725819135E2
9.531777778E-1	-4.702490170E2	-3.669200524E2
1.003055556E0	-4.674180865E2	-3.527653997E2
1.053444444E0	-4.575098296E2	-3.485190039E2
1.103522222E0	-4.589252949E2	-3.499344692E2
1.154000000E0	-4.532634338E2	-3.485190039E2
1.203711111E0	-4.461861075E2	-3.456880734E2
1.253866667E0	-4.447706422E2	-3.456880734E2
1.304211111E0	-4.419397117E2	-3.499344692E2
1.354333333E0	-4.362778506E2	-3.442726081E2
1.404455556E0	-4.376933159E2	-3.258715596E2
1.454577778E0	-4.433551769E2	-3.159633028E2
1.504844444E0	-4.490170380E2	-2.876539974E2
1.555000000E0	-4.490170380E2	-2.664220183E2
1.605044444E0	-4.490170380E2	-2.310353866E2
1.655088889E0	-4.461861075E2	-2.055570118E2
1.705500000E0	-4.518479685E2	-1.786631717E2
1.755911111E0	-4.490170380E2	-1.560157274E2
