lt_shldr
t	x	y
0.000000000E0	-6.796315402E2	1.848636699E2
5.010000000E-2	-6.569933677E2	1.905232130E2
1.002000000E-1	-6.258658806E2	2.117464996E2
1.503000000E-1	-6.032277082E2	2.329697863E2
2.007444444E-1	-5.848341931E2	2.457037583E2
2.506555556E-1	-5.749299926E2	2.669270450E2
3.009222222E-1	-5.621960206E2	2.839056743E2
3.510777778E-1	-5.551215917E2	3.008843036E2
4.011333333E-1	-5.565364775E2	3.178629329E2
4.515555556E-1	-5.480471629E2	3.192778187E2
5.017888889E-1	-5.522918202E2	3.178629329E2
5.518444444E-1	-5.480471629E2	3.022991894E2
6.019000000E-1	-5.508769344E2	2.952247605E2
6.519555556E-1	-5.607811349E2	2.938098747E2
7.023000000E-1	-5.721002211E2	2.867354458E2
7.525333333E-1	-5.820044215E2	2.867354458E2
8.026666667E-1	-5.890788504E2	2.923949889E2
8.525888889E-1	-6.003979366E2	3.065438467E2
9.027333333E-1	-5.961532793E2	3.206927045E2
9.531777778E-1	-6.003979366E2	3.305969049E2
1.003055556E0	-6.003979366E2	3.433308769E2
1.053444444E0	-6.046425940E2	3.475755343E2
1.103522222E0	-5.975681651E2	3.518201916E2
1.154000000E0	-6.003979366E2	3.419159912E2
1.203711111E0	-5.890788504E2	3.348415623E2
1.253866667E0	-5.862490789E2	3.277671334E2
1.304211111E0	-5.805895357E2	3.263522476E2
1.354333333E0	-5.678555637E2	3.263522476E2
1.404455556E0	-5.551215917E2	3.291820192E2
1.454577778E0	-5.452173913E2	3.433308769E2
1.504844444E0	-5.324834193E2	3.645541636E2
1.555000000E0	-5.183345615E2	3.857774503E2
1.605044444E0	-5.140899042E2	3.999263080E2
1.655088889E0	-5.027708180E2	4.211495947E2
1.705500000E0	-5.041857038E2	4.282240236E2
1.755911111E0	-5.112601326E2	4.324686809E2
