neck
t	x	y
0.000000000E0	-4.787177598E2	2.867354458E2
5.010000000E-2	-4.589093589E2	2.952247605E2
1.002000000E-1	-4.235372144E2	2.952247605E2
1.503000000E-1	-4.008990420E2	3.093736183E2
2.007444444E-1	-3.683566691E2	3.305969049E2
2.506555556E-1	-3.626971260E2	3.405011054E2
3.009222222E-1	-3.570375829E2	3.532350774E2
3.510777778E-1	-3.485482682E2	3.758732498E2
4.011333333E-1	-3.400589536E2	3.928518791E2
4.515555556E-1	-3.457184967E2	3.857774503E2
5.017888889E-1	-3.457184967E2	3.871923360E2
5.518444444E-1	-3.485482682E2	3.772881356E2
6.019000000E-1	-3.542078113E2	3.673839352E2
6.519555556E-1	-3.584524687E2	3.560648489E2
7.023000000E-1	-3.754310980E2	3.588946205E2
7.525333333E-1	-3.853352985E2	3.645541636E2
8.026666667E-1	-4.065585851E2	3.716285925E2
8.525888889E-1	-4.122181282E2	3.857774503E2
9.027333333E-1	-4.164627856E2	4.055858511E2
9.531777778E-1	-4.249521002E2	4.225644805E2
1.003055556E0	-4.320265291E2	4.367133382E2
1.053444444E0	-4.306116433E2	4.395431098E2
1.103522222E0	-4.291967576E2	4.395431098E2
1.154000000E0	-4.249521002E2	4.338835667E2
1.203711111E0	-4.277818718E2	4.282240236E2
1.253866667E0	-4.192925571E2	4.225644805E2
1.304211111E0	-4.136330140E2	4.098305085E2
1.354333333E0	-3.980692704E2	3.942667649E2
1.404455556E0	-3.853352985E2	4.084156227E2
1.454577778E0	-3.683566691E2	4.126602800E2
1.504844444E0	-3.626971260E2	4.253942520E2
1.555000000E0	-3.499631540E2	4.381282240E2
1.605044444E0	-3.400589536E2	4.593515107E2
1.655088889E0	-3.386440678E2	4.706705969E2
1.705500000E0	-3.358142962E2	4.763301400E2
1.755911111E0	-3.428887251E2	4.819896831E2
