rt_elbow
t	x	y
0.000000000E0	-2.466764923E2	-1.322033898E1
5.010000000E-2	-2.325276345E2	-2.029476787E1
1.002000000E-1	-2.155490052E2	-2.170965365E1
1.503000000E-1	-1.900810612E2	-1.180545321E1
2.007444444E-1	-1.731024318E2	-4.731024318E0
2.506555556E-1	-1.646131172E2	2.343404569E0
3.009222222E-1	-1.589535741E2	1.932203390E1
3.510777778E-1	-1.589535741E2	3.205600590E1
4.011333333E-1	-1.589535741E2	4.337509211E1
4.515555556E-1	-1.532940310E2	3.771554901E1
5.017888889E-1	-1.504642594E2	4.903463522E1
5.518444444E-1	-1.561238025E2	4.903463522E1
6.019000000E-1	-1.631982314E2	4.761974945E1
6.519555556E-1	-1.731024318E2	5.469417833E1
7.023000000E-1	-1.872512896E2	6.318349300E1
7.525333333E-1	-2.014001474E2	7.733235077E1
8.026666667E-1	-2.141341194E2	9.148120855E1
8.525888889E-1	-2.183787767E2	1.028002948E2
9.027333333E-1	-2.254532056E2	1.254384672E2
9.531777778E-1	-2.296978629E2	1.452468681E2
1.003055556E0	-2.381871776E2	1.763743552E2
1.053444444E0	-2.353574060E2	1.792041268E2
1.103522222E0	-2.353574060E2	1.806190125E2
1.154000000E0	-2.424318349E2	1.820338983E2
1.203711111E0	-2.396020634E2	1.735445836E2
1.253866667E0	-2.396020634E2	1.735445836E2
1.304211111E0	-2.353574060E2	1.608106116E2
1.354333333E0	-2.296978629E2	1.593957259E2
1.404455556E0	-2.268680914E2	1.565659543E2
1.454577778E0	-2.197936625E2	1.622254974E2
1.504844444E0	-2.098894620E2	1.678850405E2
1.555000000E0	-1.929108327E2	1.876934414E2
1.605044444E0	-1.900810612E2	1.961827561E2
1.655088889E0	-1.929108327E2	2.075018423E2
1.705500000E0	-1.929108327E2	2.159911570E2
1.755911111E0	-1.929108327E2	2.188209285E2
