rt_foot
t	x	y
0.000000000E0	-3.584272608E2	-7.943905636E2
5.010000000E-2	-3.541808650E2	-7.972214941E2
1.002000000E-1	-3.570117955E2	-7.901441678E2
1.503000000E-1	-3.541808650E2	-7.929750983E2
2.007444444E-1	-3.541808650E2	-7.929750983E2
2.506555556E-1	-3.555963303E2	-7.901441678E2
3.009222222E-1	-3.598427261E2	-7.929750983E2
3.510777778E-1	-3.570117955E2	-7.972214941E2
4.011333333E-1	-3.584272608E2	-7.929750983E2
4.515555556E-1	-3.669200524E2	-7.873132372E2
5.017888889E-1	-3.683355177E2	-7.873132372E2
5.518444444E-1	-3.725819135E2	-7.873132372E2
6.019000000E-1	-3.739973788E2	-7.858977720E2
6.519555556E-1	-3.782437746E2	-7.774049803E2
7.023000000E-1	-3.739973788E2	-7.590039318E2
7.525333333E-1	-3.697509830E2	-7.335255570E2
8.026666667E-1	-3.640891219E2	-6.981389253E2
8.525888889E-1	-3.555963303E2	-6.443512451E2
9.027333333E-1	-3.555963303E2	-5.820707733E2
9.531777778E-1	-3.499344692E2	-5.127129751E2
1.003055556E0	-3.499344692E2	-4.603407602E2
1.053444444E0	-3.527653997E2	-4.263695937E2
1.103522222E0	-3.499344692E2	-4.093840105E2
1.154000000E0	-3.499344692E2	-4.093840105E2
1.203711111E0	-3.456880734E2	-4.192922674E2
1.253866667E0	-3.414416776E2	-4.306159895E2
1.304211111E0	-3.400262123E2	-4.461861075E2
1.354333333E0	-3.371952818E2	-4.461861075E2
1.404455556E0	-3.400262123E2	-4.518479685E2
1.454577778E0	-3.357798165E2	-4.490170380E2
1.504844444E0	-3.357798165E2	-4.546788991E2
1.555000000E0	-3.357798165E2	-4.532634338E2
1.605044444E0	-3.386107471E2	-4.532634338E2
1.655088889E0	-3.386107471E2	-4.518479685E2
1.705500000E0	-3.414416776E2	-4.490170380E2
1.755911111E0	-3.471035387E2	-4.490170380E2
