rt_hip
t	x	y
0.000000000E0	-3.061016949E2	-2.976123803E2
5.010000000E-2	-3.032719234E2	-2.961974945E2
1.002000000E-1	-2.891230656E2	-2.820486367E2
1.503000000E-1	-2.763890936E2	-2.678997789E2
2.007444444E-1	-2.721444363E2	-2.551658069E2
2.506555556E-1	-2.650700074E2	-2.339425203E2
3.009222222E-1	-2.664848931E2	-2.141341194E2
3.510777778E-1	-2.664848931E2	-2.028150332E2
4.011333333E-1	-2.721444363E2	-1.886661754E2
4.515555556E-1	-2.721444363E2	-1.787619749E2
5.017888889E-1	-2.778039794E2	-1.773470892E2
5.518444444E-1	-2.806337509E2	-1.702726603E2
6.019000000E-1	-2.806337509E2	-1.731024318E2
6.519555556E-1	-2.834635225E2	-1.688577745E2
7.023000000E-1	-2.947826087E2	-1.575386883E2
7.525333333E-1	-2.990272660E2	-1.518791452E2
8.026666667E-1	-3.018570376E2	-1.419749447E2
8.525888889E-1	-3.018570376E2	-1.235814296E2
9.027333333E-1	-3.046868091E2	-1.037730287E2
9.531777778E-1	-3.032719234E2	-8.113485630E1
1.003055556E0	-2.976123803E2	-6.698599853E1
1.053444444E0	-2.947826087E2	-5.142225497E1
1.103522222E0	-2.933677229E2	-4.434782609E1
1.154000000E0	-2.891230656E2	-4.293294031E1
1.203711111E0	-2.891230656E2	-4.151805453E1
1.253866667E0	-2.834635225E2	-4.576271186E1
1.304211111E0	-2.778039794E2	-4.717759764E1
1.354333333E0	-2.749742078E2	-5.000736920E1
1.404455556E0	-2.735593220E2	-4.151805453E1
1.454577778E0	-2.664848931E2	-2.736919676E1
1.504844444E0	-2.622402358E2	-1.322033898E1
1.555000000E0	-2.565806927E2	9.285187915E-1
1.605044444E0	-2.579955785E2	1.366249079E1
1.655088889E0	-2.579955785E2	2.356669123E1
1.705500000E0	-2.664848931E2	3.771554901E1
1.755911111E0	-2.707295505E2	4.337509211E1
