rt_hand
t	x	y
0.000000000E0	-1.787619749E2	-2.749742078E2
5.010000000E-2	-1.716875461E2	-2.820486367E2
1.002000000E-1	-1.617833456E2	-2.749742078E2
1.503000000E-1	-1.504642594E2	-2.721444363E2
2.007444444E-1	-1.448047163E2	-2.579955785E2
2.506555556E-1	-1.405600590E2	-2.410169492E2
3.009222222E-1	-1.349005158E2	-2.183787767E2
3.510777778E-1	-1.419749447E2	-1.985703758E2
4.011333333E-1	-1.448047163E2	-1.844215181E2
4.515555556E-1	-1.518791452E2	-1.674428887E2
5.017888889E-1	-1.561238025E2	-1.646131172E2
5.518444444E-1	-1.674428887E2	-1.617833456E2
6.019000000E-1	-1.716875461E2	-1.617833456E2
6.519555556E-1	-1.773470892E2	-1.631982314E2
7.023000000E-1	-1.759322034E2	-1.631982314E2
7.525333333E-1	-1.858364038E2	-1.532940310E2
8.026666667E-1	-1.900810612E2	-1.278260870E2
8.525888889E-1	-1.844215181E2	-1.150921150E2
9.027333333E-1	-1.914959469E2	-8.820928519E1
9.531777778E-1	-1.971554901E2	-6.415622697E1
1.003055556E0	-1.985703758E2	-5.000736920E1
1.053444444E0	-1.971554901E2	-4.151805453E1
1.103522222E0	-1.971554901E2	-3.161385409E1
1.154000000E0	-1.957406043E2	-3.585851142E1
1.203711111E0	-1.957406043E2	-3.585851142E1
1.253866667E0	-1.886661754E2	-4.151805453E1
1.304211111E0	-1.858364038E2	-4.859248342E1
1.354333333E0	-1.844215181E2	-4.859248342E1
1.404455556E0	-1.815917465E2	-4.859248342E1
1.454577778E0	-1.787619749E2	-4.576271186E1
1.504844444E0	-1.759322034E2	-3.161385409E1
1.555000000E0	-1.716875461E2	-1.746499632E1
1.605044444E0	-1.745173176E2	-6.145910096E0
1.655088889E0	-1.801768607E2	1.366249079E1
1.705500000E0	-1.844215181E2	2.356669123E1
1.755911111E0	-1.872512896E2	3.347089167E1
