rt_knee
t	x	y
0.000000000E0	-3.060550459E2	-5.254521625E2
5.010000000E-2	-3.032241153E2	-5.268676278E2
1.002000000E-1	-3.018086501E2	-5.212057667E2
1.503000000E-1	-2.989777195E2	-5.311140236E2
2.007444444E-1	-2.961467890E2	-5.240366972E2
2.506555556E-1	-2.947313237E2	-5.282830931E2
3.009222222E-1	-2.947313237E2	-5.212057667E2
3.510777778E-1	-2.933158585E2	-5.155439056E2
4.011333333E-1	-3.018086501E2	-5.070511140E2
4.515555556E-1	-3.103014417E2	-5.013892529E2
5.017888889E-1	-3.088859764E2	-4.928964613E2
5.518444444E-1	-3.216251638E2	-4.985583224E2
6.019000000E-1	-3.244560944E2	-4.914809961E2
6.519555556E-1	-3.301179554E2	-4.858191350E2
7.023000000E-1	-3.301179554E2	-4.787418087E2
7.525333333E-1	-3.287024902E2	-4.674180865E2
8.026666667E-1	-3.202096986E2	-4.419397117E2
8.525888889E-1	-3.074705111E2	-4.093840105E2
9.027333333E-1	-2.989777195E2	-3.768283093E2
9.531777778E-1	-2.904849279E2	-3.371952818E2
1.003055556E0	-2.904849279E2	-3.074705111E2
1.053444444E0	-2.904849279E2	-2.734993447E2
1.103522222E0	-2.933158585E2	-2.508519004E2
1.154000000E0	-2.961467890E2	-2.366972477E2
1.203711111E0	-2.989777195E2	-2.310353866E2
1.253866667E0	-2.961467890E2	-2.324508519E2
1.304211111E0	-2.989777195E2	-2.423591088E2
1.354333333E0	-2.961467890E2	-2.508519004E2
1.404455556E0	-2.961467890E2	-2.508519004E2
1.454577778E0	-2.919003932E2	-2.522673657E2
1.504844444E0	-2.933158585E2	-2.522673657E2
1.555000000E0	-2.933158585E2	-2.494364351E2
1.605044444E0	-2.989777195E2	-2.480209699E2
1.655088889E0	-3.032241153E2	-2.423591088E2
1.705500000E0	-3.018086501E2	-2.338663172E2
1.755911111E0	-3.088859764E2	-2.239580603E2
