rt_shldr
t	x	y
0.000000000E0	-2.721444363E2	2.386293294E2
5.010000000E-2	-2.452616065E2	2.287251290E2
1.002000000E-1	-2.212085483E2	2.315549005E2
1.503000000E-1	-2.070596905E2	2.357995578E2
2.007444444E-1	-1.900810612E2	2.386293294E2
2.506555556E-1	-1.773470892E2	2.541930730E2
3.009222222E-1	-1.688577745E2	2.697568165E2
3.510777778E-1	-1.646131172E2	2.938098747E2
4.011333333E-1	-1.646131172E2	2.966396463E2
4.515555556E-1	-1.674428887E2	3.022991894E2
5.017888889E-1	-1.731024318E2	2.966396463E2
5.518444444E-1	-1.787619749E2	2.909801032E2
6.019000000E-1	-1.914959469E2	2.839056743E2
6.519555556E-1	-2.014001474E2	2.810759027E2
7.023000000E-1	-2.183787767E2	2.810759027E2
7.525333333E-1	-2.282829772E2	2.881503316E2
8.026666667E-1	-2.396020634E2	3.022991894E2
8.525888889E-1	-2.466764923E2	3.277671334E2
9.027333333E-1	-2.509211496E2	3.447457627E2
9.531777778E-1	-2.537509211E2	3.631392778E2
1.003055556E0	-2.622402358E2	3.744583640E2
1.053444444E0	-2.594104643E2	3.829476787E2
1.103522222E0	-2.636551216E2	3.815327929E2
1.154000000E0	-2.608253500E2	3.787030214E2
1.203711111E0	-2.594104643E2	3.716285925E2
1.253866667E0	-2.579955785E2	3.603095063E2
1.304211111E0	-2.509211496E2	3.560648489E2
1.354333333E0	-2.452616065E2	3.461606485E2
1.404455556E0	-2.325276345E2	3.447457627E2
1.454577778E0	-2.212085483E2	3.518201916E2
1.504844444E0	-2.084745763E2	3.687988209E2
1.555000000E0	-2.056448047E2	3.843625645E2
1.605044444E0	-1.957406043E2	3.985114223E2
1.655088889E0	-1.872512896E2	4.126602800E2
1.705500000E0	-1.900810612E2	4.211495947E2
1.755911111E0	-2.042299189E2	4.253942520E2
