waist
t	x	y
0.000000000E0	-4.815475313E2	-1.405600590E2
5.010000000E-2	-4.617391304E2	-1.363154016E2
1.002000000E-1	-4.447605011E2	-1.249963154E2
1.503000000E-1	-4.164627856E2	-1.037730287E2
2.007444444E-1	-4.051436993E2	-8.396462786E1
2.506555556E-1	-3.952394989E2	-7.547531319E1
3.009222222E-1	-3.839204127E2	-5.849668386E1
3.510777778E-1	-3.839204127E2	-3.585851142E1
4.011333333E-1	-3.782608696E2	-2.312453943E1
4.515555556E-1	-3.754310980E2	-1.039056743E1
5.017888889E-1	-3.740162122E2	-3.316138541E0
5.518444444E-1	-3.740162122E2	-1.901252763E0
6.019000000E-1	-3.754310980E2	-4.731024318E0
6.519555556E-1	-3.768459838E2	-3.316138541E0
7.023000000E-1	-3.853352985E2	3.758290346E0
7.525333333E-1	-3.924097273E2	6.588061901E0
8.026666667E-1	-3.980692704E2	1.790714812E1
8.525888889E-1	-4.079734709E2	4.054532056E1
9.027333333E-1	-4.108032424E2	5.186440678E1
9.531777778E-1	-4.108032424E2	7.167280766E1
1.003055556E0	-4.136330140E2	7.874723655E1
1.053444444E0	-4.178776713E2	9.006632277E1
1.103522222E0	-4.164627856E2	9.148120855E1
1.154000000E0	-4.164627856E2	9.572586588E1
1.203711111E0	-4.136330140E2	9.431098010E1
1.253866667E0	-4.108032424E2	8.582166544E1
1.304211111E0	-3.994841562E2	8.299189388E1
1.354333333E0	-3.994841562E2	8.299189388E1
1.404455556E0	-3.909948416E2	8.582166544E1
1.454577778E0	-3.853352985E2	9.714075166E1
1.504844444E0	-3.683566691E2	1.169491525E2
1.555000000E0	-3.612822402E2	1.325128961E2
1.605044444E0	-3.513780398E2	1.395873250E2
1.655088889E0	-3.527929256E2	1.509064112E2
1.705500000E0	-3.485482682E2	1.650552690E2
1.755911111E0	-3.513780398E2	1.735445836E2
