lt_elbow
t	x	y
0.000000000E0	-1.000000000E2	3.130000000E2
5.017777778E-2	-9.800000000E1	3.110000000E2
1.006222222E-1	-1.020000000E2	3.070000000E2
1.507888889E-1	-1.060000000E2	3.010000000E2
2.006444444E-1	-1.110000000E2	3.080000000E2
2.510222222E-1	-1.140000000E2	3.120000000E2
3.012222222E-1	-1.200000000E2	3.190000000E2
3.514222222E-1	-1.250000000E2	3.250000000E2
4.016222222E-1	-1.280000000E2	3.330000000E2
4.516666667E-1	-1.270000000E2	3.360000000E2
5.016000000E-1	-1.320000000E2	3.370000000E2
5.520777778E-1	-1.270000000E2	3.310000000E2
6.021222222E-1	-1.240000000E2	3.270000000E2
6.522888889E-1	-1.160000000E2	3.190000000E2
7.022444444E-1	-1.120000000E2	3.150000000E2
7.527111111E-1	-1.040000000E2	3.120000000E2
8.025777778E-1	-9.200000000E1	3.220000000E2
8.527333333E-1	-8.400000000E1	3.220000000E2
9.028888889E-1	-7.000000000E1	3.310000000E2
9.530444444E-1	-6.800000000E1	3.340000000E2
1.003200000E0	-6.400000000E1	3.370000000E2
1.053555556E0	-5.900000000E1	3.370000000E2
1.103744444E0	-5.500000000E1	3.340000000E2
1.153933333E0	-5.500000000E1	3.290000000E2
1.204122222E0	-5.600000000E1	3.240000000E2
1.254433333E0	-5.400000000E1	3.230000000E2
1.304366667E0	-5.800000000E1	3.220000000E2
1.354611111E0	-6.200000000E1	3.220000000E2
1.404855556E0	-6.800000000E1	3.300000000E2
1.454944444E0	-7.200000000E1	3.330000000E2
1.504800000E0	-7.900000000E1	3.370000000E2
1.555177778E0	-8.600000000E1	3.450000000E2
1.605333333E0	-8.500000000E1	3.440000000E2
1.655611111E0	-8.700000000E1	3.450000000E2
1.705744444E0	-9.000000000E1	3.400000000E2
1.755877778E0	-8.800000000E1	3.370000000E2
1.806200000E0	-8.400000000E1	3.320000000E2
1.856255556E0	-7.800000000E1	3.310000000E2
1.906311111E0	-7.200000000E1	3.300000000E2
1.956255556E0	-6.200000000E1	3.350000000E2
2.006400000E0	-5.400000000E1	3.380000000E2
2.056788889E0	-5.200000000E1	3.450000000E2
2.107177778E0	-4.600000000E1	3.480000000E2
2.157122222E0	-4.200000000E1	3.460000000E2
