lt_foot
t	x	y
0.000000000E0	-3.400000000E1	-2.180000000E2
5.017777778E-2	-3.000000000E1	-2.020000000E2
1.006222222E-1	-2.200000000E1	-1.940000000E2
1.507888889E-1	-1.800000000E1	-1.920000000E2
2.006444444E-1	-1.800000000E1	-1.840000000E2
2.510222222E-1	-1.800000000E1	-1.840000000E2
3.012222222E-1	-2.200000000E1	-1.860000000E2
3.514222222E-1	-2.000000000E1	-1.780000000E2
4.016222222E-1	-2.000000000E1	-1.820000000E2
4.516666667E-1	-1.400000000E1	-1.760000000E2
5.016000000E-1	-1.400000000E1	-1.740000000E2
5.520777778E-1	-1.400000000E1	-1.760000000E2
6.021222222E-1	-1.400000000E1	-1.740000000E2
6.522888889E-1	-1.800000000E1	-1.620000000E2
7.022444444E-1	-1.200000000E1	-1.440000000E2
7.527111111E-1	-2.200000000E1	-1.340000000E2
8.025777778E-1	-3.000000000E1	-1.020000000E2
8.527333333E-1	-2.200000000E1	-8.000000000E1
9.028888889E-1	-2.400000000E1	-5.400000000E1
9.530444444E-1	-2.400000000E1	-4.000000000E1
1.003200000E0	-2.000000000E1	-4.600000000E1
1.053555556E0	-1.800000000E1	-5.000000000E1
1.103744444E0	-1.800000000E1	-5.200000000E1
1.153933333E0	-1.800000000E1	-4.000000000E1
1.204122222E0	-1.200000000E1	-2.600000000E1
1.254433333E0	-1.000000000E1	-3.400000000E1
1.304366667E0	-1.400000000E1	-3.800000000E1
1.354611111E0	-1.200000000E1	-3.800000000E1
1.404855556E0	-1.000000000E1	-2.800000000E1
1.454944444E0	-1.000000000E1	-2.200000000E1
1.504800000E0	-1.200000000E1	-3.000000000E1
1.555177778E0	-1.000000000E1	-2.800000000E1
1.605333333E0	-1.200000000E1	-2.000000000E1
1.655611111E0	-1.000000000E1	-1.800000000E1
1.705744444E0	-6.000000000E0	-2.400000000E1
1.755877778E0	-1.200000000E1	-1.200000000E1
1.806200000E0	-1.600000000E1	-4.000000000E0
1.856255556E0	-8.000000000E0	-4.000000000E0
1.906311111E0	-1.800000000E1	1.400000000E1
1.956255556E0	-2.000000000E1	2.400000000E1
2.006400000E0	-2.600000000E1	5.000000000E1
2.056788889E0	-2.000000000E1	5.800000000E1
2.107177778E0	-1.400000000E1	6.200000000E1
2.157122222E0	-1.800000000E1	6.000000000E1
