lt_hand
t	x	y
0.000000000E0	-1.195000000E2	1.440000000E2
5.017777778E-2	-1.170000000E2	1.425000000E2
1.006222222E-1	-1.190000000E2	1.405000000E2
1.507888889E-1	-1.230000000E2	1.490000000E2
2.006444444E-1	-1.235000000E2	1.570000000E2
2.510222222E-1	-1.250000000E2	1.735000000E2
3.012222222E-1	-1.280000000E2	1.810000000E2
3.514222222E-1	-1.305000000E2	1.950000000E2
4.016222222E-1	-1.320000000E2	2.045000000E2
4.516666667E-1	-1.320000000E2	2.160000000E2
5.016000000E-1	-1.250000000E2	2.185000000E2
5.520777778E-1	-1.220000000E2	2.180000000E2
6.021222222E-1	-1.165000000E2	2.160000000E2
6.522888889E-1	-1.150000000E2	2.090000000E2
7.022444444E-1	-1.090000000E2	2.030000000E2
7.527111111E-1	-1.055000000E2	2.020000000E2
8.025777778E-1	-9.900000000E1	2.045000000E2
8.527333333E-1	-8.750000000E1	2.095000000E2
9.028888889E-1	-8.450000000E1	2.105000000E2
9.530444444E-1	-8.000000000E1	2.145000000E2
1.003200000E0	-7.400000000E1	2.185000000E2
1.053555556E0	-6.800000000E1	2.160000000E2
1.103744444E0	-6.550000000E1	2.160000000E2
1.153933333E0	-6.250000000E1	2.110000000E2
1.204122222E0	-6.700000000E1	2.080000000E2
1.254433333E0	-6.750000000E1	2.050000000E2
1.304366667E0	-6.800000000E1	2.120000000E2
1.354611111E0	-7.350000000E1	2.190000000E2
1.404855556E0	-7.900000000E1	2.280000000E2
1.454944444E0	-8.400000000E1	2.365000000E2
1.504800000E0	-8.850000000E1	2.440000000E2
1.555177778E0	-9.000000000E1	2.500000000E2
1.605333333E0	-9.200000000E1	2.575000000E2
1.655611111E0	-9.500000000E1	2.605000000E2
1.705744444E0	-9.000000000E1	2.580000000E2
1.755877778E0	-9.000000000E1	2.525000000E2
1.806200000E0	-8.700000000E1	2.460000000E2
1.856255556E0	-8.300000000E1	2.445000000E2
1.906311111E0	-7.800000000E1	2.450000000E2
1.956255556E0	-7.150000000E1	2.485000000E2
2.006400000E0	-6.400000000E1	2.495000000E2
2.056788889E0	-6.100000000E1	2.525000000E2
2.107177778E0	-5.500000000E1	2.555000000E2
2.157122222E0	-5.300000000E1	2.555000000E2
