lt_hip
t	x	y
0.000000000E0	-1.040000000E2	1.885000000E2
5.017777778E-2	-1.015000000E2	1.810000000E2
1.006222222E-1	-1.005000000E2	1.790000000E2
1.507888889E-1	-9.400000000E1	1.880000000E2
2.006444444E-1	-9.900000000E1	1.955000000E2
2.510222222E-1	-1.015000000E2	2.020000000E2
3.012222222E-1	-1.020000000E2	2.125000000E2
3.514222222E-1	-1.000000000E2	2.180000000E2
4.016222222E-1	-1.010000000E2	2.220000000E2
4.516666667E-1	-9.700000000E1	2.300000000E2
5.016000000E-1	-9.300000000E1	2.290000000E2
5.520777778E-1	-8.900000000E1	2.310000000E2
6.021222222E-1	-8.750000000E1	2.300000000E2
6.522888889E-1	-8.650000000E1	2.275000000E2
7.022444444E-1	-8.100000000E1	2.270000000E2
7.527111111E-1	-7.400000000E1	2.275000000E2
8.025777778E-1	-6.900000000E1	2.275000000E2
8.527333333E-1	-6.000000000E1	2.315000000E2
9.028888889E-1	-5.650000000E1	2.375000000E2
9.530444444E-1	-6.000000000E1	2.435000000E2
1.003200000E0	-5.900000000E1	2.475000000E2
1.053555556E0	-6.100000000E1	2.510000000E2
1.103744444E0	-5.800000000E1	2.460000000E2
1.153933333E0	-5.650000000E1	2.435000000E2
1.204122222E0	-5.900000000E1	2.380000000E2
1.254433333E0	-5.700000000E1	2.370000000E2
1.304366667E0	-5.900000000E1	2.430000000E2
1.354611111E0	-6.000000000E1	2.490000000E2
1.404855556E0	-6.450000000E1	2.530000000E2
1.454944444E0	-6.400000000E1	2.580000000E2
1.504800000E0	-6.350000000E1	2.630000000E2
1.555177778E0	-6.300000000E1	2.670000000E2
1.605333333E0	-6.400000000E1	2.700000000E2
1.655611111E0	-6.300000000E1	2.695000000E2
1.705744444E0	-6.000000000E1	2.735000000E2
1.755877778E0	-6.100000000E1	2.720000000E2
1.806200000E0	-5.800000000E1	2.690000000E2
1.856255556E0	-5.700000000E1	2.690000000E2
1.906311111E0	-5.400000000E1	2.695000000E2
1.956255556E0	-5.150000000E1	2.690000000E2
2.006400000E0	-4.350000000E1	2.710000000E2
2.056788889E0	-4.500000000E1	2.730000000E2
2.107177778E0	-4.350000000E1	2.780000000E2
2.157122222E0	-4.700000000E1	2.810000000E2
