lt_knee
t	x	y
0.000000000E0	-5.200000000E1	-6.000000000E1
5.017777778E-2	-4.400000000E1	-6.400000000E1
1.006222222E-1	-3.800000000E1	-5.600000000E1
1.507888889E-1	-4.000000000E1	-4.400000000E1
2.006444444E-1	-5.000000000E1	-3.200000000E1
2.510222222E-1	-5.000000000E1	-2.000000000E1
3.012222222E-1	-5.400000000E1	-1.800000000E1
3.514222222E-1	-5.400000000E1	-1.600000000E1
4.016222222E-1	-5.200000000E1	-1.600000000E1
4.516666667E-1	-5.000000000E1	-8.000000000E0
5.016000000E-1	-4.400000000E1	-8.000000000E0
5.520777778E-1	-3.800000000E1	-2.000000000E0
6.021222222E-1	-4.200000000E1	8.000000000E0
6.522888889E-1	-4.000000000E1	8.000000000E0
7.022444444E-1	-3.800000000E1	8.000000000E0
7.527111111E-1	-3.400000000E1	2.400000000E1
8.025777778E-1	-4.400000000E1	3.600000000E1
8.527333333E-1	-4.400000000E1	4.800000000E1
9.028888889E-1	-3.600000000E1	6.400000000E1
9.530444444E-1	-3.800000000E1	7.800000000E1
1.003200000E0	-3.400000000E1	7.600000000E1
1.053555556E0	-3.400000000E1	7.600000000E1
1.103744444E0	-3.000000000E1	7.400000000E1
1.153933333E0	-2.600000000E1	7.200000000E1
1.204122222E0	-2.000000000E1	6.800000000E1
1.254433333E0	-2.400000000E1	7.200000000E1
1.304366667E0	-3.400000000E1	8.400000000E1
1.354611111E0	-3.800000000E1	8.400000000E1
1.404855556E0	-3.000000000E1	9.200000000E1
1.454944444E0	-4.000000000E1	9.200000000E1
1.504800000E0	-3.300000000E1	9.700000000E1
1.555177778E0	-3.000000000E1	9.600000000E1
1.605333333E0	-3.000000000E1	9.900000000E1
1.655611111E0	-2.800000000E1	1.030000000E2
1.705744444E0	-2.500000000E1	1.080000000E2
1.755877778E0	-2.500000000E1	1.090000000E2
1.806200000E0	-2.400000000E1	1.120000000E2
1.856255556E0	-2.500000000E1	1.150000000E2
1.906311111E0	-2.700000000E1	1.210000000E2
1.956255556E0	-2.800000000E1	1.260000000E2
2.006400000E0	-3.000000000E1	1.290000000E2
2.056788889E0	-3.000000000E1	1.400000000E2
2.107177778E0	-3.000000000E1	1.490000000E2
2.157122222E0	-2.900000000E1	1.490000000E2
