lt_shoulder
t	x	y
0.000000000E0	-9.500000000E1	5.370000000E2
5.017777778E-2	-9.800000000E1	5.210000000E2
1.006222222E-1	-9.700000000E1	5.130000000E2
1.507888889E-1	-1.020000000E2	5.050000000E2
2.006444444E-1	-1.030000000E2	5.080000000E2
2.510222222E-1	-1.060000000E2	5.150000000E2
3.012222222E-1	-1.040000000E2	5.150000000E2
3.514222222E-1	-1.060000000E2	5.110000000E2
4.016222222E-1	-1.060000000E2	5.180000000E2
4.516666667E-1	-1.030000000E2	5.190000000E2
5.016000000E-1	-1.000000000E2	5.150000000E2
5.520777778E-1	-1.000000000E2	5.090000000E2
6.021222222E-1	-9.700000000E1	4.990000000E2
6.522888889E-1	-8.900000000E1	4.870000000E2
7.022444444E-1	-8.000000000E1	4.810000000E2
7.527111111E-1	-8.000000000E1	4.810000000E2
8.025777778E-1	-7.600000000E1	4.820000000E2
8.527333333E-1	-7.000000000E1	4.800000000E2
9.028888889E-1	-6.400000000E1	4.850000000E2
9.530444444E-1	-5.600000000E1	4.870000000E2
1.003200000E0	-5.800000000E1	4.890000000E2
1.053555556E0	-5.400000000E1	4.850000000E2
1.103744444E0	-5.200000000E1	4.830000000E2
1.153933333E0	-5.600000000E1	4.710000000E2
1.204122222E0	-5.400000000E1	4.650000000E2
1.254433333E0	-5.600000000E1	4.580000000E2
1.304366667E0	-6.100000000E1	4.550000000E2
1.354611111E0	-6.100000000E1	4.610000000E2
1.404855556E0	-6.500000000E1	4.610000000E2
1.454944444E0	-6.800000000E1	4.650000000E2
1.504800000E0	-6.800000000E1	4.690000000E2
1.555177778E0	-6.900000000E1	4.720000000E2
1.605333333E0	-7.200000000E1	4.700000000E2
1.655611111E0	-6.800000000E1	4.670000000E2
1.705744444E0	-7.000000000E1	4.630000000E2
1.755877778E0	-6.400000000E1	4.570000000E2
1.806200000E0	-6.100000000E1	4.510000000E2
1.856255556E0	-6.000000000E1	4.490000000E2
1.906311111E0	-5.100000000E1	4.480000000E2
1.956255556E0	-4.900000000E1	4.490000000E2
2.006400000E0	-5.000000000E1	4.550000000E2
2.056788889E0	-4.400000000E1	4.560000000E2
2.107177778E0	-4.000000000E1	4.610000000E2
2.157122222E0	-4.000000000E1	4.560000000E2
