neck
t	x	y
0.000000000E0	3.698019802E1	5.177227723E2
5.017777778E-2	3.519801980E1	5.052475248E2
1.006222222E-1	3.341584158E1	4.892079208E2
1.507888889E-1	2.806930693E1	4.927722772E2
2.006444444E-1	1.915841584E1	4.900990099E2
2.510222222E-1	1.559405941E1	4.927722772E2
3.012222222E-1	7.574257426E0	5.016831683E2
3.514222222E-1	8.465346535E0	5.016831683E2
4.016222222E-1	6.683168317E0	5.079207921E2
4.516666667E-1	6.683168317E0	5.034653465E2
5.016000000E-1	7.574257426E0	4.999009901E2
5.520777778E-1	6.683168317E0	4.963366337E2
6.021222222E-1	1.024752475E1	4.874257426E2
6.522888889E-1	1.024752475E1	4.767326733E2
7.022444444E-1	1.648514851E1	4.713861386E2
7.527111111E-1	2.361386139E1	4.651485149E2
8.025777778E-1	2.272277228E1	4.687128713E2
8.527333333E-1	2.896039604E1	4.687128713E2
9.028888889E-1	3.252475248E1	4.731683168E2
9.530444444E-1	3.698019802E1	4.749504950E2
1.003200000E0	3.787128713E1	4.758415842E2
1.053555556E0	3.698019802E1	4.713861386E2
1.103744444E0	3.876237624E1	4.678217822E2
1.153933333E0	3.698019802E1	4.606930693E2
1.204122222E0	3.252475248E1	4.571287129E2
1.254433333E0	2.806930693E1	4.482178218E2
1.304366667E0	2.628712871E1	4.517821782E2
1.354611111E0	2.094059406E1	4.508910891E2
1.404855556E0	2.004950495E1	4.517821782E2
1.454944444E0	1.202970297E1	4.571287129E2
1.504800000E0	8.465346535E0	4.633663366E2
1.555177778E0	6.683168317E0	4.598019802E2
1.605333333E0	7.574257426E0	4.660396040E2
1.655611111E0	6.683168317E0	4.571287129E2
1.705744444E0	7.574257426E0	4.517821782E2
1.755877778E0	8.465346535E0	4.500000000E2
1.806200000E0	1.292079208E1	4.455445545E2
1.856255556E0	1.559405941E1	4.419801980E2
1.906311111E0	1.737623762E1	4.384158416E2
1.956255556E0	1.826732673E1	4.428712871E2
2.006400000E0	2.361386139E1	4.473267327E2
2.056788889E0	2.628712871E1	4.473267327E2
2.107177778E0	2.985148515E1	4.491089109E2
2.157122222E0	2.539603960E1	4.500000000E2
