rt_elbow
t	x	y
0.000000000E0	1.920000000E2	3.010000000E2
5.017777778E-2	1.840000000E2	2.950000000E2
1.006222222E-1	1.760000000E2	2.950000000E2
1.507888889E-1	1.600000000E2	2.950000000E2
2.006444444E-1	1.520000000E2	3.010000000E2
2.510222222E-1	1.370000000E2	3.090000000E2
3.012222222E-1	1.310000000E2	3.190000000E2
3.514222222E-1	1.190000000E2	3.250000000E2
4.016222222E-1	1.150000000E2	3.360000000E2
4.516666667E-1	1.070000000E2	3.410000000E2
5.016000000E-1	1.120000000E2	3.380000000E2
5.520777778E-1	1.120000000E2	3.350000000E2
6.021222222E-1	1.100000000E2	3.290000000E2
6.522888889E-1	1.130000000E2	3.210000000E2
7.022444444E-1	1.160000000E2	3.110000000E2
7.527111111E-1	1.180000000E2	3.090000000E2
8.025777778E-1	1.250000000E2	3.130000000E2
8.527333333E-1	1.310000000E2	3.170000000E2
9.028888889E-1	1.400000000E2	3.210000000E2
9.530444444E-1	1.450000000E2	3.280000000E2
1.003200000E0	1.450000000E2	3.310000000E2
1.053555556E0	1.440000000E2	3.290000000E2
1.103744444E0	1.440000000E2	3.280000000E2
1.153933333E0	1.450000000E2	3.230000000E2
1.204122222E0	1.360000000E2	3.210000000E2
1.254433333E0	1.300000000E2	3.170000000E2
1.304366667E0	1.190000000E2	3.170000000E2
1.354611111E0	1.100000000E2	3.220000000E2
1.404855556E0	1.040000000E2	3.270000000E2
1.454944444E0	9.600000000E1	3.380000000E2
1.504800000E0	9.000000000E1	3.390000000E2
1.555177778E0	8.300000000E1	3.440000000E2
1.605333333E0	8.200000000E1	3.460000000E2
1.655611111E0	8.200000000E1	3.450000000E2
1.705744444E0	7.500000000E1	3.470000000E2
1.755877778E0	8.200000000E1	3.420000000E2
1.806200000E0	8.200000000E1	3.320000000E2
1.856255556E0	8.200000000E1	3.270000000E2
1.906311111E0	8.700000000E1	3.290000000E2
1.956255556E0	9.300000000E1	3.310000000E2
2.006400000E0	9.700000000E1	3.400000000E2
2.056788889E0	1.040000000E2	3.380000000E2
2.107177778E0	1.020000000E2	3.410000000E2
2.157122222E0	1.070000000E2	3.430000000E2
