rt_foot
t	x	y
0.000000000E0	4.000000000E0	-3.060000000E2
5.017777778E-2	-2.000000000E0	-3.040000000E2
1.006222222E-1	-1.000000000E1	-2.860000000E2
1.507888889E-1	-2.000000000E0	-2.700000000E2
2.006444444E-1	8.000000000E0	-2.440000000E2
2.510222222E-1	2.200000000E1	-2.040000000E2
3.012222222E-1	2.000000000E1	-1.580000000E2
3.514222222E-1	1.200000000E1	-1.380000000E2
4.016222222E-1	2.000000000E1	-1.220000000E2
4.516666667E-1	1.600000000E1	-1.280000000E2
5.016000000E-1	8.000000000E0	-1.320000000E2
5.520777778E-1	1.200000000E1	-1.180000000E2
6.021222222E-1	1.400000000E1	-1.100000000E2
6.522888889E-1	1.000000000E1	-9.800000000E1
7.022444444E-1	1.400000000E1	-9.400000000E1
7.527111111E-1	1.400000000E1	-9.400000000E1
8.025777778E-1	1.400000000E1	-9.400000000E1
8.527333333E-1	6.000000000E0	-9.400000000E1
9.028888889E-1	1.200000000E1	-9.200000000E1
9.530444444E-1	1.600000000E1	-9.600000000E1
1.003200000E0	6.000000000E0	-8.600000000E1
1.053555556E0	6.000000000E0	-8.600000000E1
1.103744444E0	6.000000000E0	-8.200000000E1
1.153933333E0	6.000000000E0	-8.000000000E1
1.204122222E0	1.000000000E1	-7.800000000E1
1.254433333E0	1.000000000E1	-7.400000000E1
1.304366667E0	1.600000000E1	-5.400000000E1
1.354611111E0	2.000000000E1	-3.000000000E1
1.404855556E0	1.800000000E1	-6.000000000E0
1.454944444E0	1.800000000E1	2.000000000E0
1.504800000E0	2.200000000E1	2.200000000E1
1.555177778E0	2.000000000E1	2.600000000E1
1.605333333E0	1.400000000E1	1.400000000E1
1.655611111E0	8.000000000E0	1.800000000E1
1.705744444E0	1.400000000E1	1.000000000E1
1.755877778E0	6.000000000E0	2.000000000E1
1.806200000E0	2.000000000E0	1.800000000E1
1.856255556E0	8.000000000E0	1.800000000E1
1.906311111E0	1.000000000E1	1.800000000E1
1.956255556E0	6.000000000E0	2.200000000E1
2.006400000E0	6.000000000E0	2.000000000E1
2.056788889E0	8.000000000E0	3.000000000E1
2.107177778E0	4.000000000E0	2.600000000E1
2.157122222E0	4.000000000E0	2.600000000E1
