rt_hip
t	x	y
0.000000000E0	1.155000000E2	1.760000000E2
5.017777778E-2	1.100000000E2	1.770000000E2
1.006222222E-1	1.050000000E2	1.775000000E2
1.507888889E-1	1.005000000E2	1.820000000E2
2.006444444E-1	9.500000000E1	1.840000000E2
2.510222222E-1	9.100000000E1	1.885000000E2
3.012222222E-1	8.500000000E1	1.845000000E2
3.514222222E-1	7.400000000E1	1.965000000E2
4.016222222E-1	7.150000000E1	2.040000000E2
4.516666667E-1	7.500000000E1	2.105000000E2
5.016000000E-1	7.300000000E1	2.085000000E2
5.520777778E-1	7.500000000E1	2.030000000E2
6.021222222E-1	7.400000000E1	2.005000000E2
6.522888889E-1	7.550000000E1	1.985000000E2
7.022444444E-1	7.600000000E1	1.980000000E2
7.527111111E-1	7.500000000E1	2.020000000E2
8.025777778E-1	8.150000000E1	2.100000000E2
8.527333333E-1	8.700000000E1	2.145000000E2
9.028888889E-1	8.600000000E1	2.225000000E2
9.530444444E-1	8.400000000E1	2.320000000E2
1.003200000E0	9.000000000E1	2.325000000E2
1.053555556E0	8.900000000E1	2.385000000E2
1.103744444E0	8.700000000E1	2.370000000E2
1.153933333E0	8.700000000E1	2.390000000E2
1.204122222E0	8.700000000E1	2.375000000E2
1.254433333E0	8.400000000E1	2.365000000E2
1.304366667E0	8.000000000E1	2.405000000E2
1.354611111E0	7.650000000E1	2.370000000E2
1.404855556E0	6.800000000E1	2.410000000E2
1.454944444E0	5.950000000E1	2.410000000E2
1.504800000E0	5.900000000E1	2.460000000E2
1.555177778E0	6.250000000E1	2.515000000E2
1.605333333E0	6.300000000E1	2.595000000E2
1.655611111E0	6.300000000E1	2.565000000E2
1.705744444E0	6.050000000E1	2.515000000E2
1.755877778E0	5.650000000E1	2.465000000E2
1.806200000E0	5.800000000E1	2.460000000E2
1.856255556E0	6.050000000E1	2.455000000E2
1.906311111E0	6.350000000E1	2.475000000E2
1.956255556E0	6.550000000E1	2.520000000E2
2.006400000E0	6.400000000E1	2.595000000E2
2.056788889E0	6.150000000E1	2.615000000E2
2.107177778E0	6.200000000E1	2.655000000E2
2.157122222E0	6.600000000E1	2.680000000E2
