rt_hand
t	x	y
0.000000000E0	2.000000000E2	1.610000000E2
5.017777778E-2	1.900000000E2	1.550000000E2
1.006222222E-1	1.820000000E2	1.470000000E2
1.507888889E-1	1.740000000E2	1.390000000E2
2.006444444E-1	1.680000000E2	1.390000000E2
2.510222222E-1	1.540000000E2	1.440000000E2
3.012222222E-1	1.500000000E2	1.480000000E2
3.514222222E-1	1.440000000E2	1.580000000E2
4.016222222E-1	1.280000000E2	1.670000000E2
4.516666667E-1	1.260000000E2	1.690000000E2
5.016000000E-1	1.220000000E2	1.650000000E2
5.520777778E-1	1.140000000E2	1.660000000E2
6.021222222E-1	1.200000000E2	1.650000000E2
6.522888889E-1	1.160000000E2	1.590000000E2
7.022444444E-1	1.250000000E2	1.610000000E2
7.527111111E-1	1.290000000E2	1.630000000E2
8.025777778E-1	1.330000000E2	1.770000000E2
8.527333333E-1	1.420000000E2	1.870000000E2
9.028888889E-1	1.460000000E2	2.050000000E2
9.530444444E-1	1.520000000E2	2.170000000E2
1.003200000E0	1.540000000E2	2.260000000E2
1.053555556E0	1.540000000E2	2.350000000E2
1.103744444E0	1.500000000E2	2.350000000E2
1.153933333E0	1.480000000E2	2.310000000E2
1.204122222E0	1.440000000E2	2.290000000E2
1.254433333E0	1.360000000E2	2.160000000E2
1.304366667E0	1.280000000E2	2.130000000E2
1.354611111E0	1.250000000E2	2.150000000E2
1.404855556E0	1.170000000E2	2.190000000E2
1.454944444E0	1.080000000E2	2.150000000E2
1.504800000E0	1.050000000E2	2.130000000E2
1.555177778E0	1.000000000E2	2.260000000E2
1.605333333E0	9.400000000E1	2.280000000E2
1.655611111E0	9.000000000E1	2.270000000E2
1.705744444E0	8.600000000E1	2.290000000E2
1.755877778E0	8.600000000E1	2.210000000E2
1.806200000E0	9.000000000E1	2.200000000E2
1.856255556E0	9.400000000E1	2.210000000E2
1.906311111E0	9.700000000E1	2.200000000E2
1.956255556E0	1.020000000E2	2.270000000E2
2.006400000E0	1.070000000E2	2.370000000E2
2.056788889E0	1.140000000E2	2.470000000E2
2.107177778E0	1.180000000E2	2.550000000E2
2.157122222E0	1.150000000E2	2.570000000E2
