rt_knee
t	x	y
0.000000000E0	4.500000000E1	-6.500000000E1
5.017777778E-2	3.800000000E1	-5.900000000E1
1.006222222E-1	3.900000000E1	-4.900000000E1
1.507888889E-1	4.000000000E1	-4.500000000E1
2.006444444E-1	4.600000000E1	-3.500000000E1
2.510222222E-1	5.100000000E1	-2.700000000E1
3.012222222E-1	5.700000000E1	-1.300000000E1
3.514222222E-1	5.300000000E1	5.000000000E0
4.016222222E-1	4.900000000E1	2.400000000E1
4.516666667E-1	4.100000000E1	4.100000000E1
5.016000000E-1	3.900000000E1	4.400000000E1
5.520777778E-1	4.000000000E1	3.900000000E1
6.021222222E-1	3.800000000E1	2.800000000E1
6.522888889E-1	3.600000000E1	3.100000000E1
7.022444444E-1	3.600000000E1	3.900000000E1
7.527111111E-1	4.000000000E1	4.500000000E1
8.025777778E-1	4.200000000E1	5.500000000E1
8.527333333E-1	4.500000000E1	5.900000000E1
9.028888889E-1	4.500000000E1	6.200000000E1
9.530444444E-1	4.700000000E1	5.900000000E1
1.003200000E0	4.400000000E1	6.200000000E1
1.053555556E0	4.200000000E1	7.000000000E1
1.103744444E0	4.000000000E1	6.900000000E1
1.153933333E0	4.000000000E1	7.100000000E1
1.204122222E0	3.800000000E1	7.800000000E1
1.254433333E0	4.000000000E1	8.500000000E1
1.304366667E0	3.900000000E1	8.200000000E1
1.354611111E0	3.900000000E1	8.800000000E1
1.404855556E0	4.200000000E1	9.200000000E1
1.454944444E0	4.500000000E1	9.700000000E1
1.504800000E0	4.000000000E1	1.100000000E2
1.555177778E0	4.100000000E1	1.200000000E2
1.605333333E0	3.200000000E1	1.320000000E2
1.655611111E0	3.400000000E1	1.360000000E2
1.705744444E0	3.400000000E1	1.220000000E2
1.755877778E0	2.400000000E1	1.200000000E2
1.806200000E0	2.700000000E1	1.210000000E2
1.856255556E0	2.600000000E1	1.280000000E2
1.906311111E0	3.000000000E1	1.320000000E2
1.956255556E0	3.300000000E1	1.330000000E2
2.006400000E0	3.000000000E1	1.340000000E2
2.056788889E0	3.200000000E1	1.360000000E2
2.107177778E0	3.400000000E1	1.440000000E2
2.157122222E0	3.200000000E1	1.380000000E2
