rt_shoulder
t	x	y
0.000000000E0	1.980000000E2	5.050000000E2
5.017777778E-2	1.950000000E2	5.000000000E2
1.006222222E-1	1.850000000E2	4.860000000E2
1.507888889E-1	1.780000000E2	4.830000000E2
2.006444444E-1	1.660000000E2	4.800000000E2
2.510222222E-1	1.600000000E2	4.790000000E2
3.012222222E-1	1.550000000E2	4.830000000E2
3.514222222E-1	1.450000000E2	4.870000000E2
4.016222222E-1	1.420000000E2	4.920000000E2
4.516666667E-1	1.390000000E2	4.910000000E2
5.016000000E-1	1.400000000E2	4.910000000E2
5.520777778E-1	1.360000000E2	4.780000000E2
6.021222222E-1	1.380000000E2	4.720000000E2
6.522888889E-1	1.380000000E2	4.570000000E2
7.022444444E-1	1.430000000E2	4.550000000E2
7.527111111E-1	1.421287129E2	4.517821782E2
8.025777778E-1	1.439108911E2	4.526732673E2
8.527333333E-1	1.456930693E2	4.598019802E2
9.028888889E-1	1.474752475E2	4.642574257E2
9.530444444E-1	1.456930693E2	4.687128713E2
1.003200000E0	1.456930693E2	4.731683168E2
1.053555556E0	1.474752475E2	4.678217822E2
1.103744444E0	1.448019802E2	4.642574257E2
1.153933333E0	1.439108911E2	4.589108911E2
1.204122222E0	1.350000000E2	4.508910891E2
1.254433333E0	1.314356436E2	4.446534653E2
1.304366667E0	1.269801980E2	4.428712871E2
1.354611111E0	1.189603960E2	4.455445545E2
1.404855556E0	1.136138614E2	4.482178218E2
1.454944444E0	1.127227723E2	4.491089109E2
1.504800000E0	1.047029703E2	4.535643564E2
1.555177778E0	1.038118812E2	4.553465347E2
1.605333333E0	1.020297030E2	4.535643564E2
1.655611111E0	1.002475248E2	4.535643564E2
1.705744444E0	9.846534653E1	4.482178218E2
1.755877778E0	1.029207921E2	4.410891089E2
1.806200000E0	9.579207921E1	4.312871287E2
1.856255556E0	9.579207921E1	4.295049505E2
1.906311111E0	1.020297030E2	4.303960396E2
1.956255556E0	1.047029703E2	4.339603960E2
2.006400000E0	1.047029703E2	4.357425743E2
2.056788889E0	1.064851485E2	4.410891089E2
2.107177778E0	1.073762376E2	4.446534653E2
2.157122222E0	1.064851485E2	4.428712871E2
