waist
t	x	y
0.000000000E0	2.050000000E1	2.535000000E2
5.017777778E-2	1.400000000E1	2.495000000E2
1.006222222E-1	7.000000000E0	2.475000000E2
1.507888889E-1	1.000000000E0	2.485000000E2
2.006444444E-1	-1.000000000E0	2.535000000E2
2.510222222E-1	-3.000000000E0	2.625000000E2
3.012222222E-1	-9.000000000E0	2.700000000E2
3.514222222E-1	-9.500000000E0	2.745000000E2
4.016222222E-1	-8.500000000E0	2.795000000E2
4.516666667E-1	-6.000000000E0	2.830000000E2
5.016000000E-1	-8.000000000E0	2.830000000E2
5.520777778E-1	-7.000000000E0	2.825000000E2
6.021222222E-1	-4.000000000E0	2.795000000E2
6.522888889E-1	-3.000000000E0	2.715000000E2
7.022444444E-1	3.000000000E0	2.665000000E2
7.527111111E-1	6.000000000E0	2.675000000E2
8.025777778E-1	8.500000000E0	2.725000000E2
8.527333333E-1	1.450000000E1	2.780000000E2
9.028888889E-1	2.000000000E1	2.850000000E2
9.530444444E-1	2.200000000E1	2.895000000E2
1.003200000E0	2.700000000E1	2.950000000E2
1.053555556E0	2.900000000E1	2.950000000E2
1.103744444E0	2.800000000E1	2.915000000E2
1.153933333E0	2.400000000E1	2.865000000E2
1.204122222E0	1.950000000E1	2.835000000E2
1.254433333E0	1.600000000E1	2.810000000E2
1.304366667E0	1.200000000E1	2.835000000E2
1.354611111E0	1.100000000E1	2.885000000E2
1.404855556E0	7.000000000E0	2.950000000E2
1.454944444E0	3.000000000E0	3.005000000E2
1.504800000E0	3.500000000E0	3.050000000E2
1.555177778E0	5.000000000E-1	3.075000000E2
1.605333333E0	5.000000000E-1	3.075000000E2
1.655611111E0	-1.500000000E0	3.075000000E2
1.705744444E0	-2.000000000E0	3.055000000E2
1.755877778E0	-2.000000000E0	3.050000000E2
1.806200000E0	2.000000000E0	2.990000000E2
1.856255556E0	3.500000000E0	2.975000000E2
1.906311111E0	5.000000000E0	2.980000000E2
1.956255556E0	7.000000000E0	3.030000000E2
2.006400000E0	1.000000000E1	3.035000000E2
2.056788889E0	1.500000000E1	3.075000000E2
2.107177778E0	1.500000000E1	3.110000000E2
2.157122222E0	1.650000000E1	3.155000000E2
