lt_elbow
t	x	y
0.000000000E0	-6.400000000E2	1.170000000E2
5.744444444E-2	-6.400000000E2	1.130000000E2
1.077888889E-1	-6.400000000E2	1.010000000E2
1.579555556E-1	-6.410000000E2	9.100000000E1
2.082555556E-1	-6.410000000E2	8.000000000E1
2.584333333E-1	-6.430000000E2	7.200000000E1
3.086111111E-1	-6.420000000E2	7.000000000E1
3.587888889E-1	-6.390000000E2	8.500000000E1
4.087777778E-1	-6.440000000E2	1.040000000E2
4.590111111E-1	-6.470000000E2	1.170000000E2
5.092444444E-1	-6.550000000E2	1.310000000E2
5.594777778E-1	-6.540000000E2	1.420000000E2
6.097111111E-1	-6.550000000E2	1.450000000E2
6.595777778E-1	-6.520000000E2	1.490000000E2
7.098666667E-1	-6.520000000E2	1.450000000E2
7.598888889E-1	-6.520000000E2	1.360000000E2
8.101555556E-1	-6.460000000E2	1.300000000E2
8.602888889E-1	-6.420000000E2	1.250000000E2
9.104222222E-1	-6.370000000E2	1.170000000E2
9.605555556E-1	-6.300000000E2	1.150000000E2
1.010900000E0	-6.230000000E2	1.110000000E2
1.060877778E0	-6.140000000E2	1.150000000E2
1.110988889E0	-6.040000000E2	1.250000000E2
1.161100000E0	-5.960000000E2	1.430000000E2
1.211322222E0	-5.890000000E2	1.630000000E2
1.261544444E0	-5.850000000E2	1.750000000E2
1.311644444E0	-5.800000000E2	1.890000000E2
1.362133333E0	-5.790000000E2	1.890000000E2
1.411966667E0	-5.740000000E2	1.910000000E2
1.462133333E0	-5.700000000E2	1.860000000E2
1.512300000E0	-5.700000000E2	1.790000000E2
1.562466667E0	-5.650000000E2	1.690000000E2
1.612811111E0	-5.670000000E2	1.630000000E2
1.662788889E0	-5.620000000E2	1.560000000E2
1.713133333E0	-5.670000000E2	1.450000000E2
1.763200000E0	-5.670000000E2	1.370000000E2
1.813400000E0	-5.710000000E2	1.300000000E2
1.863400000E0	-5.710000000E2	1.300000000E2
1.913655556E0	-5.710000000E2	1.350000000E2
1.963722222E0	-5.780000000E2	1.450000000E2
2.013688889E0	-5.810000000E2	1.580000000E2
2.063833333E0	-5.820000000E2	1.690000000E2
2.113977778E0	-5.900000000E2	1.800000000E2
2.164122222E0	-5.940000000E2	1.830000000E2
2.214733333E0	-5.950000000E2	1.830000000E2
2.264777778E0	-5.920000000E2	1.810000000E2
