lt_foot
t	x	y
0.000000000E0	-4.750000000E2	-5.970000000E2
5.744444444E-2	-4.720000000E2	-6.030000000E2
1.077888889E-1	-4.670000000E2	-6.120000000E2
1.579555556E-1	-4.610000000E2	-6.130000000E2
2.082555556E-1	-4.640000000E2	-6.140000000E2
2.584333333E-1	-4.650000000E2	-6.180000000E2
3.086111111E-1	-4.640000000E2	-6.190000000E2
3.587888889E-1	-4.620000000E2	-6.200000000E2
4.087777778E-1	-4.670000000E2	-6.220000000E2
4.590111111E-1	-4.650000000E2	-6.240000000E2
5.092444444E-1	-4.680000000E2	-6.210000000E2
5.594777778E-1	-4.620000000E2	-6.270000000E2
6.097111111E-1	-4.610000000E2	-6.280000000E2
6.595777778E-1	-4.590000000E2	-6.320000000E2
7.098666667E-1	-4.580000000E2	-6.390000000E2
7.598888889E-1	-4.560000000E2	-6.420000000E2
8.101555556E-1	-4.560000000E2	-6.470000000E2
8.602888889E-1	-4.560000000E2	-6.480000000E2
9.104222222E-1	-4.540000000E2	-6.520000000E2
9.605555556E-1	-4.550000000E2	-6.510000000E2
1.010900000E0	-4.520000000E2	-6.510000000E2
1.060877778E0	-4.550000000E2	-6.390000000E2
1.110988889E0	-4.600000000E2	-6.130000000E2
1.161100000E0	-4.750000000E2	-5.720000000E2
1.211322222E0	-4.800000000E2	-5.120000000E2
1.261544444E0	-4.760000000E2	-4.800000000E2
1.311644444E0	-4.780000000E2	-4.270000000E2
1.362133333E0	-4.720000000E2	-4.600000000E2
1.411966667E0	-4.430000000E2	-3.830000000E2
1.462133333E0	-4.690000000E2	-3.590000000E2
1.512300000E0	-4.700000000E2	-3.690000000E2
1.562466667E0	-4.640000000E2	-3.800000000E2
1.612811111E0	-4.560000000E2	-3.940000000E2
1.662788889E0	-4.480000000E2	-4.060000000E2
1.713133333E0	-4.440000000E2	-4.090000000E2
1.763200000E0	-4.480000000E2	-4.130000000E2
1.813400000E0	-4.470000000E2	-4.170000000E2
1.863400000E0	-4.440000000E2	-4.220000000E2
1.913655556E0	-4.470000000E2	-4.270000000E2
1.963722222E0	-4.490000000E2	-4.370000000E2
2.013688889E0	-4.460000000E2	-4.350000000E2
2.063833333E0	-4.470000000E2	-4.410000000E2
2.113977778E0	-4.510000000E2	-4.410000000E2
2.164122222E0	-4.520000000E2	-4.410000000E2
2.214733333E0	-4.470000000E2	-4.430000000E2
2.264777778E0	-4.480000000E2	-4.450000000E2
