lt_hand
t	x	y
0.000000000E0	-6.750000000E2	-1.110000000E2
5.744444444E-2	-6.680000000E2	-1.150000000E2
1.077888889E-1	-6.650000000E2	-1.220000000E2
1.579555556E-1	-6.600000000E2	-1.260000000E2
2.082555556E-1	-6.580000000E2	-1.330000000E2
2.584333333E-1	-6.540000000E2	-1.370000000E2
3.086111111E-1	-6.500000000E2	-1.340000000E2
3.587888889E-1	-6.490000000E2	-1.170000000E2
4.087777778E-1	-6.510000000E2	-1.040000000E2
4.590111111E-1	-6.490000000E2	-8.300000000E1
5.092444444E-1	-6.500000000E2	-6.900000000E1
5.594777778E-1	-6.560000000E2	-5.900000000E1
6.097111111E-1	-6.510000000E2	-5.600000000E1
6.595777778E-1	-6.500000000E2	-5.400000000E1
7.098666667E-1	-6.490000000E2	-5.300000000E1
7.598888889E-1	-6.480000000E2	-5.900000000E1
8.101555556E-1	-6.440000000E2	-6.500000000E1
8.602888889E-1	-6.420000000E2	-6.700000000E1
9.104222222E-1	-6.360000000E2	-7.100000000E1
9.605555556E-1	-6.310000000E2	-8.000000000E1
1.010900000E0	-6.270000000E2	-7.600000000E1
1.060877778E0	-6.210000000E2	-7.100000000E1
1.110988889E0	-6.180000000E2	-5.500000000E1
1.161100000E0	-6.160000000E2	-3.500000000E1
1.211322222E0	-6.160000000E2	-1.900000000E1
1.261544444E0	-6.140000000E2	-6.000000000E0
1.311644444E0	-6.130000000E2	3.000000000E0
1.362133333E0	-6.100000000E2	1.300000000E1
1.411966667E0	-6.110000000E2	1.300000000E1
1.462133333E0	-6.060000000E2	8.000000000E0
1.512300000E0	-6.020000000E2	2.000000000E0
1.562466667E0	-5.980000000E2	-3.000000000E0
1.612811111E0	-5.990000000E2	-9.000000000E0
1.662788889E0	-5.920000000E2	-1.700000000E1
1.713133333E0	-5.920000000E2	-2.700000000E1
1.763200000E0	-5.920000000E2	-2.900000000E1
1.813400000E0	-5.910000000E2	-3.700000000E1
1.863400000E0	-5.880000000E2	-3.700000000E1
1.913655556E0	-5.860000000E2	-2.900000000E1
1.963722222E0	-5.870000000E2	-1.300000000E1
2.013688889E0	-5.880000000E2	-5.000000000E0
2.063833333E0	-5.920000000E2	7.000000000E0
2.113977778E0	-5.930000000E2	1.300000000E1
2.164122222E0	-5.980000000E2	2.300000000E1
2.214733333E0	-6.030000000E2	2.200000000E1
2.264777778E0	-6.020000000E2	2.000000000E1
