lt_hip
t	x	y
0.000000000E0	-5.570000000E2	-1.180000000E2
5.744444444E-2	-5.570000000E2	-1.190000000E2
1.077888889E-1	-5.530000000E2	-1.220000000E2
1.579555556E-1	-5.520000000E2	-1.280000000E2
2.082555556E-1	-5.480000000E2	-1.310000000E2
2.584333333E-1	-5.460000000E2	-1.250000000E2
3.086111111E-1	-5.410000000E2	-1.140000000E2
3.587888889E-1	-5.430000000E2	-9.600000000E1
4.087777778E-1	-5.440000000E2	-7.400000000E1
4.590111111E-1	-5.440000000E2	-5.600000000E1
5.092444444E-1	-5.420000000E2	-4.000000000E1
5.594777778E-1	-5.390000000E2	-2.800000000E1
6.097111111E-1	-5.310000000E2	-1.800000000E1
6.595777778E-1	-5.260000000E2	-1.500000000E1
7.098666667E-1	-5.210000000E2	-1.200000000E1
7.598888889E-1	-5.200000000E2	-2.500000000E1
8.101555556E-1	-5.140000000E2	-2.800000000E1
8.602888889E-1	-5.100000000E2	-3.200000000E1
9.104222222E-1	-5.010000000E2	-4.200000000E1
9.605555556E-1	-5.030000000E2	-4.300000000E1
1.010900000E0	-5.000000000E2	-4.700000000E1
1.060877778E0	-4.970000000E2	-4.800000000E1
1.110988889E0	-4.950000000E2	-3.000000000E1
1.161100000E0	-4.930000000E2	-2.000000000E1
1.211322222E0	-4.940000000E2	0.000000000E0
1.261544444E0	-4.950000000E2	1.400000000E1
1.311644444E0	-4.950000000E2	2.200000000E1
1.362133333E0	-4.950000000E2	2.600000000E1
1.411966667E0	-4.970000000E2	2.100000000E1
1.462133333E0	-4.950000000E2	2.200000000E1
1.512300000E0	-5.010000000E2	1.400000000E1
1.562466667E0	-5.000000000E2	1.000000000E1
1.612811111E0	-5.040000000E2	-2.000000000E0
1.662788889E0	-5.000000000E2	-3.000000000E0
1.713133333E0	-5.020000000E2	-1.000000000E1
1.763200000E0	-5.030000000E2	-1.300000000E1
1.813400000E0	-5.030000000E2	-1.400000000E1
1.863400000E0	-5.020000000E2	-1.000000000E1
1.913655556E0	-5.040000000E2	2.000000000E0
1.963722222E0	-5.050000000E2	1.900000000E1
2.013688889E0	-4.990000000E2	3.200000000E1
2.063833333E0	-4.980000000E2	4.800000000E1
2.113977778E0	-4.960000000E2	5.200000000E1
2.164122222E0	-4.960000000E2	5.800000000E1
2.214733333E0	-4.860000000E2	6.400000000E1
2.264777778E0	-4.850000000E2	5.900000000E1
