lt_knee
t	x	y
0.000000000E0	-5.490000000E2	-3.530000000E2
5.744444444E-2	-5.410000000E2	-3.590000000E2
1.077888889E-1	-5.330000000E2	-3.650000000E2
1.579555556E-1	-5.230000000E2	-3.690000000E2
2.082555556E-1	-5.250000000E2	-3.680000000E2
2.584333333E-1	-5.170000000E2	-3.740000000E2
3.086111111E-1	-5.210000000E2	-3.780000000E2
3.587888889E-1	-5.190000000E2	-3.800000000E2
4.087777778E-1	-5.180000000E2	-3.730000000E2
4.590111111E-1	-5.210000000E2	-3.720000000E2
5.092444444E-1	-5.180000000E2	-3.710000000E2
5.594777778E-1	-5.160000000E2	-3.670000000E2
6.097111111E-1	-5.100000000E2	-3.670000000E2
6.595777778E-1	-5.070000000E2	-3.670000000E2
7.098666667E-1	-5.010000000E2	-3.670000000E2
7.598888889E-1	-4.960000000E2	-3.710000000E2
8.101555556E-1	-4.950000000E2	-3.750000000E2
8.602888889E-1	-4.910000000E2	-3.760000000E2
9.104222222E-1	-4.910000000E2	-3.770000000E2
9.605555556E-1	-4.870000000E2	-3.790000000E2
1.010900000E0	-4.870000000E2	-3.790000000E2
1.060877778E0	-4.870000000E2	-3.710000000E2
1.110988889E0	-4.960000000E2	-3.520000000E2
1.161100000E0	-5.030000000E2	-3.260000000E2
1.211322222E0	-5.100000000E2	-3.000000000E2
1.261544444E0	-5.150000000E2	-2.740000000E2
1.311644444E0	-5.210000000E2	-2.370000000E2
1.362133333E0	-5.250000000E2	-2.210000000E2
1.411966667E0	-5.250000000E2	-2.070000000E2
1.462133333E0	-5.240000000E2	-1.970000000E2
1.512300000E0	-5.210000000E2	-2.000000000E2
1.562466667E0	-5.100000000E2	-1.990000000E2
1.612811111E0	-5.040000000E2	-2.080000000E2
1.662788889E0	-4.970000000E2	-2.140000000E2
1.713133333E0	-4.950000000E2	-2.250000000E2
1.763200000E0	-4.920000000E2	-2.310000000E2
1.813400000E0	-4.900000000E2	-2.330000000E2
1.863400000E0	-4.910000000E2	-2.350000000E2
1.913655556E0	-4.910000000E2	-2.430000000E2
1.963722222E0	-4.920000000E2	-2.440000000E2
2.013688889E0	-4.890000000E2	-2.390000000E2
2.063833333E0	-4.910000000E2	-2.370000000E2
2.113977778E0	-4.860000000E2	-2.340000000E2
2.164122222E0	-4.840000000E2	-2.340000000E2
2.214733333E0	-4.810000000E2	-2.300000000E2
2.264777778E0	-4.760000000E2	-2.290000000E2
