lt_shldr
t	x	y
0.000000000E0	-5.960000000E2	3.400000000E2
5.744444444E-2	-5.940000000E2	3.330000000E2
1.077888889E-1	-5.940000000E2	3.210000000E2
1.579555556E-1	-6.000000000E2	3.100000000E2
2.082555556E-1	-6.020000000E2	2.960000000E2
2.584333333E-1	-6.080000000E2	2.870000000E2
3.086111111E-1	-6.140000000E2	2.880000000E2
3.587888889E-1	-6.190000000E2	3.000000000E2
4.087777778E-1	-6.260000000E2	3.150000000E2
4.590111111E-1	-6.340000000E2	3.310000000E2
5.092444444E-1	-6.360000000E2	3.410000000E2
5.594777778E-1	-6.360000000E2	3.520000000E2
6.097111111E-1	-6.340000000E2	3.530000000E2
6.595777778E-1	-6.320000000E2	3.540000000E2
7.098666667E-1	-6.350000000E2	3.470000000E2
7.598888889E-1	-6.300000000E2	3.380000000E2
8.101555556E-1	-6.300000000E2	3.290000000E2
8.602888889E-1	-6.210000000E2	3.210000000E2
9.104222222E-1	-6.140000000E2	3.100000000E2
9.605555556E-1	-6.020000000E2	3.040000000E2
1.010900000E0	-5.930000000E2	2.980000000E2
1.060877778E0	-5.880000000E2	2.970000000E2
1.110988889E0	-5.750000000E2	3.130000000E2
1.161100000E0	-5.680000000E2	3.230000000E2
1.211322222E0	-5.570000000E2	3.400000000E2
1.261544444E0	-5.500000000E2	3.520000000E2
1.311644444E0	-5.480000000E2	3.610000000E2
1.362133333E0	-5.330000000E2	3.670000000E2
1.411966667E0	-5.380000000E2	3.650000000E2
1.462133333E0	-5.360000000E2	3.570000000E2
1.512300000E0	-5.310000000E2	3.450000000E2
1.562466667E0	-5.320000000E2	3.380000000E2
1.612811111E0	-5.310000000E2	3.310000000E2
1.662788889E0	-5.340000000E2	3.200000000E2
1.713133333E0	-5.350000000E2	3.130000000E2
1.763200000E0	-5.400000000E2	3.020000000E2
1.813400000E0	-5.430000000E2	2.990000000E2
1.863400000E0	-5.550000000E2	2.950000000E2
1.913655556E0	-5.620000000E2	3.020000000E2
1.963722222E0	-5.660000000E2	3.090000000E2
2.013688889E0	-5.690000000E2	3.200000000E2
2.063833333E0	-5.720000000E2	3.310000000E2
2.113977778E0	-5.780000000E2	3.410000000E2
2.164122222E0	-5.780000000E2	3.460000000E2
2.214733333E0	-5.850000000E2	3.500000000E2
2.264777778E0	-5.790000000E2	3.450000000E2
