neck
t	x	y
0.000000000E0	-3.840000000E2	3.810000000E2
5.744444444E-2	-3.880000000E2	3.760000000E2
1.077888889E-1	-3.920000000E2	3.680000000E2
1.579555556E-1	-3.970000000E2	3.610000000E2
2.082555556E-1	-4.060000000E2	3.510000000E2
2.584333333E-1	-4.130000000E2	3.470000000E2
3.086111111E-1	-4.220000000E2	3.470000000E2
3.587888889E-1	-4.300000000E2	3.610000000E2
4.087777778E-1	-4.430000000E2	3.770000000E2
4.590111111E-1	-4.490000000E2	3.950000000E2
5.092444444E-1	-4.550000000E2	4.100000000E2
5.594777778E-1	-4.600000000E2	4.180000000E2
6.097111111E-1	-4.600000000E2	4.230000000E2
6.595777778E-1	-4.620000000E2	4.210000000E2
7.098666667E-1	-4.610000000E2	4.190000000E2
7.598888889E-1	-4.590000000E2	4.080000000E2
8.101555556E-1	-4.540000000E2	3.950000000E2
8.602888889E-1	-4.520000000E2	3.870000000E2
9.104222222E-1	-4.460000000E2	3.740000000E2
9.605555556E-1	-4.390000000E2	3.630000000E2
1.010900000E0	-4.250000000E2	3.510000000E2
1.060877778E0	-4.220000000E2	3.520000000E2
1.110988889E0	-4.120000000E2	3.560000000E2
1.161100000E0	-4.020000000E2	3.660000000E2
1.211322222E0	-3.940000000E2	3.830000000E2
1.261544444E0	-3.830000000E2	3.920000000E2
1.311644444E0	-3.820000000E2	4.000000000E2
1.362133333E0	-3.770000000E2	4.030000000E2
1.411966667E0	-3.760000000E2	4.030000000E2
1.462133333E0	-3.720000000E2	3.920000000E2
1.512300000E0	-3.700000000E2	3.810000000E2
1.562466667E0	-3.710000000E2	3.760000000E2
1.612811111E0	-3.720000000E2	3.680000000E2
1.662788889E0	-3.730000000E2	3.610000000E2
1.713133333E0	-3.810000000E2	3.550000000E2
1.763200000E0	-3.890000000E2	3.470000000E2
1.813400000E0	-4.040000000E2	3.430000000E2
1.863400000E0	-4.080000000E2	3.450000000E2
1.913655556E0	-4.180000000E2	3.490000000E2
1.963722222E0	-4.240000000E2	3.610000000E2
2.013688889E0	-4.260000000E2	3.710000000E2
2.063833333E0	-4.270000000E2	3.850000000E2
2.113977778E0	-4.340000000E2	3.930000000E2
2.164122222E0	-4.360000000E2	3.970000000E2
2.214733333E0	-4.420000000E2	3.980000000E2
2.264777778E0	-4.390000000E2	3.900000000E2
