rt_elbow
t	x	y
0.000000000E0	-2.020000000E2	7.900000000E1
5.744444444E-2	-2.110000000E2	7.300000000E1
1.077888889E-1	-2.160000000E2	7.100000000E1
1.579555556E-1	-2.220000000E2	6.900000000E1
2.082555556E-1	-2.300000000E2	7.100000000E1
2.584333333E-1	-2.310000000E2	7.700000000E1
3.086111111E-1	-2.390000000E2	8.700000000E1
3.587888889E-1	-2.450000000E2	1.110000000E2
4.087777778E-1	-2.540000000E2	1.360000000E2
4.590111111E-1	-2.610000000E2	1.520000000E2
5.092444444E-1	-2.640000000E2	1.670000000E2
5.594777778E-1	-2.670000000E2	1.770000000E2
6.097111111E-1	-2.690000000E2	1.810000000E2
6.595777778E-1	-2.730000000E2	1.850000000E2
7.098666667E-1	-2.750000000E2	1.790000000E2
7.598888889E-1	-2.760000000E2	1.730000000E2
8.101555556E-1	-2.780000000E2	1.600000000E2
8.602888889E-1	-2.750000000E2	1.540000000E2
9.104222222E-1	-2.730000000E2	1.410000000E2
9.605555556E-1	-2.680000000E2	1.330000000E2
1.010900000E0	-2.670000000E2	1.240000000E2
1.060877778E0	-2.650000000E2	1.180000000E2
1.110988889E0	-2.600000000E2	1.230000000E2
1.161100000E0	-2.560000000E2	1.330000000E2
1.211322222E0	-2.500000000E2	1.470000000E2
1.261544444E0	-2.460000000E2	1.600000000E2
1.311644444E0	-2.390000000E2	1.660000000E2
1.362133333E0	-2.370000000E2	1.710000000E2
1.411966667E0	-2.330000000E2	1.680000000E2
1.462133333E0	-2.310000000E2	1.640000000E2
1.512300000E0	-2.320000000E2	1.550000000E2
1.562466667E0	-2.310000000E2	1.510000000E2
1.612811111E0	-2.360000000E2	1.470000000E2
1.662788889E0	-2.360000000E2	1.390000000E2
1.713133333E0	-2.400000000E2	1.360000000E2
1.763200000E0	-2.480000000E2	1.370000000E2
1.813400000E0	-2.540000000E2	1.390000000E2
1.863400000E0	-2.600000000E2	1.450000000E2
1.913655556E0	-2.680000000E2	1.550000000E2
1.963722222E0	-2.760000000E2	1.710000000E2
2.013688889E0	-2.780000000E2	1.840000000E2
2.063833333E0	-2.820000000E2	1.930000000E2
2.113977778E0	-2.850000000E2	2.030000000E2
2.164122222E0	-2.860000000E2	2.140000000E2
2.214733333E0	-2.890000000E2	2.090000000E2
2.264777778E0	-2.900000000E2	2.050000000E2
