rt_hip
t	x	y
0.000000000E0	-3.110000000E2	-1.300000000E2
5.744444444E-2	-3.130000000E2	-1.300000000E2
1.077888889E-1	-3.150000000E2	-1.320000000E2
1.579555556E-1	-3.140000000E2	-1.370000000E2
2.082555556E-1	-3.140000000E2	-1.350000000E2
2.584333333E-1	-3.130000000E2	-1.380000000E2
3.086111111E-1	-3.130000000E2	-1.240000000E2
3.587888889E-1	-3.140000000E2	-1.050000000E2
4.087777778E-1	-3.140000000E2	-8.300000000E1
4.590111111E-1	-3.130000000E2	-6.200000000E1
5.092444444E-1	-3.130000000E2	-4.400000000E1
5.594777778E-1	-3.100000000E2	-3.300000000E1
6.097111111E-1	-3.060000000E2	-2.600000000E1
6.595777778E-1	-3.060000000E2	-2.100000000E1
7.098666667E-1	-2.980000000E2	-1.700000000E1
7.598888889E-1	-3.000000000E2	-2.800000000E1
8.101555556E-1	-2.970000000E2	-3.200000000E1
8.602888889E-1	-3.000000000E2	-3.600000000E1
9.104222222E-1	-2.990000000E2	-5.000000000E1
9.605555556E-1	-3.010000000E2	-5.400000000E1
1.010900000E0	-2.980000000E2	-6.200000000E1
1.060877778E0	-2.990000000E2	-5.400000000E1
1.110988889E0	-2.970000000E2	-4.000000000E1
1.161100000E0	-2.950000000E2	-2.500000000E1
1.211322222E0	-2.950000000E2	-2.100000000E1
1.261544444E0	-2.920000000E2	-4.000000000E0
1.311644444E0	-2.950000000E2	4.000000000E0
1.362133333E0	-2.990000000E2	1.100000000E1
1.411966667E0	-2.990000000E2	1.000000000E1
1.462133333E0	-3.100000000E2	4.000000000E0
1.512300000E0	-3.090000000E2	-1.000000000E0
1.562466667E0	-3.140000000E2	-4.000000000E0
1.612811111E0	-3.160000000E2	-8.000000000E0
1.662788889E0	-3.180000000E2	-1.300000000E1
1.713133333E0	-3.190000000E2	-1.800000000E1
1.763200000E0	-3.250000000E2	-1.700000000E1
1.813400000E0	-3.230000000E2	-1.800000000E1
1.863400000E0	-3.220000000E2	-1.200000000E1
1.913655556E0	-3.230000000E2	-3.000000000E0
1.963722222E0	-3.230000000E2	1.300000000E1
2.013688889E0	-3.200000000E2	2.300000000E1
2.063833333E0	-3.190000000E2	3.000000000E1
2.113977778E0	-3.160000000E2	4.100000000E1
2.164122222E0	-3.160000000E2	5.000000000E1
2.214733333E0	-3.170000000E2	5.400000000E1
2.264777778E0	-3.140000000E2	5.200000000E1
