rt_hand
t	x	y
0.000000000E0	-1.950000000E2	-1.730000000E2
5.744444444E-2	-1.950000000E2	-1.720000000E2
1.077888889E-1	-2.020000000E2	-1.750000000E2
1.579555556E-1	-2.040000000E2	-1.740000000E2
2.082555556E-1	-2.110000000E2	-1.730000000E2
2.584333333E-1	-2.120000000E2	-1.680000000E2
3.086111111E-1	-2.140000000E2	-1.530000000E2
3.587888889E-1	-2.160000000E2	-1.290000000E2
4.087777778E-1	-2.210000000E2	-1.050000000E2
4.590111111E-1	-2.260000000E2	-8.700000000E1
5.092444444E-1	-2.270000000E2	-6.700000000E1
5.594777778E-1	-2.310000000E2	-5.600000000E1
6.097111111E-1	-2.320000000E2	-4.800000000E1
6.595777778E-1	-2.360000000E2	-4.100000000E1
7.098666667E-1	-2.360000000E2	-4.200000000E1
7.598888889E-1	-2.420000000E2	-4.800000000E1
8.101555556E-1	-2.440000000E2	-5.900000000E1
8.602888889E-1	-2.420000000E2	-6.500000000E1
9.104222222E-1	-2.430000000E2	-6.900000000E1
9.605555556E-1	-2.400000000E2	-7.800000000E1
1.010900000E0	-2.410000000E2	-8.900000000E1
1.060877778E0	-2.420000000E2	-9.200000000E1
1.110988889E0	-2.420000000E2	-8.300000000E1
1.161100000E0	-2.410000000E2	-6.900000000E1
1.211322222E0	-2.400000000E2	-5.600000000E1
1.261544444E0	-2.370000000E2	-4.700000000E1
1.311644444E0	-2.330000000E2	-3.700000000E1
1.362133333E0	-2.290000000E2	-3.300000000E1
1.411966667E0	-2.280000000E2	-3.200000000E1
1.462133333E0	-2.240000000E2	-3.500000000E1
1.512300000E0	-2.220000000E2	-4.600000000E1
1.562466667E0	-2.200000000E2	-4.900000000E1
1.612811111E0	-2.250000000E2	-5.200000000E1
1.662788889E0	-2.250000000E2	-5.700000000E1
1.713133333E0	-2.270000000E2	-5.600000000E1
1.763200000E0	-2.330000000E2	-5.600000000E1
1.813400000E0	-2.350000000E2	-5.100000000E1
1.863400000E0	-2.370000000E2	-4.700000000E1
1.913655556E0	-2.430000000E2	-3.300000000E1
1.963722222E0	-2.480000000E2	-1.600000000E1
2.013688889E0	-2.510000000E2	1.000000000E0
2.063833333E0	-2.530000000E2	1.100000000E1
2.113977778E0	-2.540000000E2	2.200000000E1
2.164122222E0	-2.560000000E2	2.800000000E1
2.214733333E0	-2.590000000E2	2.900000000E1
2.264777778E0	-2.620000000E2	2.600000000E1
