rt_knee
t	x	y
0.000000000E0	-3.670000000E2	-5.010000000E2
5.744444444E-2	-3.710000000E2	-4.980000000E2
1.077888889E-1	-3.710000000E2	-4.980000000E2
1.579555556E-1	-3.730000000E2	-4.990000000E2
2.082555556E-1	-3.770000000E2	-4.940000000E2
2.584333333E-1	-3.810000000E2	-4.890000000E2
3.086111111E-1	-3.750000000E2	-4.750000000E2
3.587888889E-1	-3.620000000E2	-4.490000000E2
4.087777778E-1	-3.470000000E2	-4.200000000E2
4.590111111E-1	-3.310000000E2	-3.830000000E2
5.092444444E-1	-3.210000000E2	-3.470000000E2
5.594777778E-1	-3.120000000E2	-3.100000000E2
6.097111111E-1	-3.080000000E2	-2.860000000E2
6.595777778E-1	-3.110000000E2	-2.640000000E2
7.098666667E-1	-3.140000000E2	-2.430000000E2
7.598888889E-1	-3.120000000E2	-2.470000000E2
8.101555556E-1	-3.170000000E2	-2.540000000E2
8.602888889E-1	-3.170000000E2	-2.620000000E2
9.104222222E-1	-3.220000000E2	-2.770000000E2
9.605555556E-1	-3.270000000E2	-2.830000000E2
1.010900000E0	-3.310000000E2	-2.900000000E2
1.060877778E0	-3.310000000E2	-2.960000000E2
1.110988889E0	-3.260000000E2	-3.000000000E2
1.161100000E0	-3.310000000E2	-2.950000000E2
1.211322222E0	-3.320000000E2	-2.890000000E2
1.261544444E0	-3.370000000E2	-2.880000000E2
1.311644444E0	-3.440000000E2	-2.880000000E2
1.362133333E0	-3.550000000E2	-2.840000000E2
1.411966667E0	-3.620000000E2	-2.870000000E2
1.462133333E0	-3.630000000E2	-2.950000000E2
1.512300000E0	-3.650000000E2	-2.920000000E2
1.562466667E0	-3.710000000E2	-2.960000000E2
1.612811111E0	-3.760000000E2	-2.960000000E2
1.662788889E0	-3.770000000E2	-2.990000000E2
1.713133333E0	-3.770000000E2	-2.980000000E2
1.763200000E0	-3.790000000E2	-2.930000000E2
1.813400000E0	-3.780000000E2	-2.930000000E2
1.863400000E0	-3.710000000E2	-2.840000000E2
1.913655556E0	-3.620000000E2	-2.690000000E2
1.963722222E0	-3.500000000E2	-2.530000000E2
2.013688889E0	-3.410000000E2	-2.370000000E2
2.063833333E0	-3.350000000E2	-2.140000000E2
2.113977778E0	-3.260000000E2	-1.930000000E2
2.164122222E0	-3.290000000E2	-1.680000000E2
2.214733333E0	-3.300000000E2	-1.560000000E2
2.264777778E0	-3.320000000E2	-1.480000000E2
