rt_shldr
t	x	y
0.000000000E0	-2.300000000E2	3.400000000E2
5.744444444E-2	-2.340000000E2	3.310000000E2
1.077888889E-1	-2.370000000E2	3.290000000E2
1.579555556E-1	-2.460000000E2	3.190000000E2
2.082555556E-1	-2.550000000E2	3.140000000E2
2.584333333E-1	-2.680000000E2	3.180000000E2
3.086111111E-1	-2.750000000E2	3.210000000E2
3.587888889E-1	-2.820000000E2	3.340000000E2
4.087777778E-1	-2.920000000E2	3.550000000E2
4.590111111E-1	-3.010000000E2	3.730000000E2
5.092444444E-1	-3.080000000E2	3.850000000E2
5.594777778E-1	-3.150000000E2	4.000000000E2
6.097111111E-1	-3.160000000E2	4.060000000E2
6.595777778E-1	-3.180000000E2	4.030000000E2
7.098666667E-1	-3.200000000E2	4.000000000E2
7.598888889E-1	-3.190000000E2	3.870000000E2
8.101555556E-1	-3.180000000E2	3.760000000E2
8.602888889E-1	-3.140000000E2	3.650000000E2
9.104222222E-1	-3.100000000E2	3.510000000E2
9.605555556E-1	-3.040000000E2	3.390000000E2
1.010900000E0	-2.970000000E2	3.260000000E2
1.060877778E0	-2.900000000E2	3.200000000E2
1.110988889E0	-2.840000000E2	3.230000000E2
1.161100000E0	-2.740000000E2	3.340000000E2
1.211322222E0	-2.690000000E2	3.430000000E2
1.261544444E0	-2.640000000E2	3.550000000E2
1.311644444E0	-2.600000000E2	3.660000000E2
1.362133333E0	-2.560000000E2	3.690000000E2
1.411966667E0	-2.520000000E2	3.690000000E2
1.462133333E0	-2.500000000E2	3.590000000E2
1.512300000E0	-2.540000000E2	3.490000000E2
1.562466667E0	-2.530000000E2	3.430000000E2
1.612811111E0	-2.560000000E2	3.370000000E2
1.662788889E0	-2.620000000E2	3.320000000E2
1.713133333E0	-2.650000000E2	3.270000000E2
1.763200000E0	-2.750000000E2	3.220000000E2
1.813400000E0	-2.800000000E2	3.190000000E2
1.863400000E0	-2.900000000E2	3.270000000E2
1.913655556E0	-3.010000000E2	3.320000000E2
1.963722222E0	-3.100000000E2	3.450000000E2
2.013688889E0	-3.110000000E2	3.550000000E2
2.063833333E0	-3.170000000E2	3.670000000E2
2.113977778E0	-3.200000000E2	3.770000000E2
2.164122222E0	-3.260000000E2	3.850000000E2
2.214733333E0	-3.310000000E2	3.840000000E2
2.264777778E0	-3.300000000E2	3.790000000E2
