waist
t	x	y
0.000000000E0	-4.310000000E2	2.100000000E1
5.744444444E-2	-4.300000000E2	2.000000000E1
1.077888889E-1	-4.360000000E2	1.300000000E1
1.579555556E-1	-4.360000000E2	8.000000000E0
2.082555556E-1	-4.370000000E2	-2.000000000E0
2.584333333E-1	-4.340000000E2	-2.000000000E0
3.086111111E-1	-4.330000000E2	9.000000000E0
3.587888889E-1	-4.380000000E2	2.600000000E1
4.087777778E-1	-4.450000000E2	5.200000000E1
4.590111111E-1	-4.460000000E2	7.000000000E1
5.092444444E-1	-4.450000000E2	8.400000000E1
5.594777778E-1	-4.480000000E2	9.400000000E1
6.097111111E-1	-4.510000000E2	1.040000000E2
6.595777778E-1	-4.510000000E2	1.030000000E2
7.098666667E-1	-4.500000000E2	1.030000000E2
7.598888889E-1	-4.480000000E2	9.700000000E1
8.101555556E-1	-4.420000000E2	8.600000000E1
8.602888889E-1	-4.390000000E2	8.100000000E1
9.104222222E-1	-4.360000000E2	6.900000000E1
9.605555556E-1	-4.340000000E2	6.000000000E1
1.010900000E0	-4.300000000E2	5.500000000E1
1.060877778E0	-4.290000000E2	6.000000000E1
1.110988889E0	-4.300000000E2	7.000000000E1
1.161100000E0	-4.210000000E2	8.700000000E1
1.211322222E0	-4.140000000E2	1.020000000E2
1.261544444E0	-4.110000000E2	1.120000000E2
1.311644444E0	-4.080000000E2	1.260000000E2
1.362133333E0	-4.060000000E2	1.260000000E2
1.411966667E0	-4.000000000E2	1.300000000E2
1.462133333E0	-4.020000000E2	1.200000000E2
1.512300000E0	-4.030000000E2	1.120000000E2
1.562466667E0	-4.050000000E2	1.100000000E2
1.612811111E0	-4.070000000E2	1.020000000E2
1.662788889E0	-4.130000000E2	1.010000000E2
1.713133333E0	-4.120000000E2	9.100000000E1
1.763200000E0	-4.160000000E2	8.700000000E1
1.813400000E0	-4.160000000E2	8.600000000E1
1.863400000E0	-4.200000000E2	8.700000000E1
1.913655556E0	-4.180000000E2	9.800000000E1
1.963722222E0	-4.240000000E2	1.150000000E2
2.013688889E0	-4.260000000E2	1.290000000E2
2.063833333E0	-4.270000000E2	1.420000000E2
2.113977778E0	-4.280000000E2	1.460000000E2
2.164122222E0	-4.300000000E2	1.480000000E2
2.214733333E0	-4.300000000E2	1.500000000E2
2.264777778E0	-4.270000000E2	1.480000000E2
