lt_elbow
t	x	y
0.000000000E0	1.100000000E1	3.350000000E2
5.008888889E-2	1.700000000E1	3.310000000E2
1.003222222E-1	2.400000000E1	3.330000000E2
1.505555556E-1	2.900000000E1	3.420000000E2
2.006444444E-1	3.200000000E1	3.510000000E2
2.507333333E-1	3.800000000E1	3.610000000E2
3.009666667E-1	3.700000000E1	3.660000000E2
3.513555556E-1	4.200000000E1	3.690000000E2
4.014444444E-1	4.400000000E1	3.690000000E2
4.514333333E-1	4.700000000E1	3.610000000E2
5.017555556E-1	4.900000000E1	3.610000000E2
5.517555556E-1	4.700000000E1	3.560000000E2
6.019222222E-1	4.500000000E1	3.530000000E2
6.520888889E-1	3.900000000E1	3.540000000E2
7.024555556E-1	3.500000000E1	3.600000000E2
7.524000000E-1	2.700000000E1	3.590000000E2
8.027111111E-1	2.900000000E1	3.620000000E2
8.530222222E-1	2.500000000E1	3.610000000E2
9.030888889E-1	2.400000000E1	3.640000000E2
9.530333333E-1	2.100000000E1	3.560000000E2
1.003377778E0	1.700000000E1	3.550000000E2
1.053511111E0	1.800000000E1	3.530000000E2
1.103522222E0	2.100000000E1	3.490000000E2
1.153677778E0	2.700000000E1	3.500000000E2
1.204033333E0	2.800000000E1	3.590000000E2
1.254000000E0	3.100000000E1	3.610000000E2
1.304155556E0	3.300000000E1	3.670000000E2
