lt_foot
t	x	y
0.000000000E0	9.800000000E1	-1.540000000E2
5.008888889E-2	9.600000000E1	-1.340000000E2
1.003222222E-1	9.200000000E1	-1.080000000E2
1.505555556E-1	9.000000000E1	-6.600000000E1
2.006444444E-1	8.000000000E1	-3.400000000E1
2.507333333E-1	8.200000000E1	-1.800000000E1
3.009666667E-1	7.400000000E1	-2.200000000E1
3.513555556E-1	7.200000000E1	-4.000000000E1
4.014444444E-1	7.000000000E1	-4.300000000E1
4.514333333E-1	6.900000000E1	-3.600000000E1
5.017555556E-1	7.700000000E1	-2.700000000E1
5.517555556E-1	8.000000000E1	-3.000000000E1
6.019222222E-1	8.000000000E1	-2.400000000E1
6.520888889E-1	8.000000000E1	-2.400000000E1
7.024555556E-1	8.000000000E1	-2.100000000E1
7.524000000E-1	8.000000000E1	-1.900000000E1
8.027111111E-1	8.400000000E1	-1.900000000E1
8.530222222E-1	8.000000000E1	-1.400000000E1
9.030888889E-1	8.300000000E1	-1.300000000E1
9.530333333E-1	8.200000000E1	-6.000000000E0
1.003377778E0	8.000000000E1	-3.000000000E0
1.053511111E0	8.500000000E1	5.000000000E0
1.103522222E0	8.300000000E1	1.600000000E1
1.153677778E0	7.800000000E1	3.300000000E1
1.204033333E0	7.500000000E1	5.800000000E1
1.254000000E0	7.200000000E1	8.500000000E1
1.304155556E0	6.700000000E1	9.300000000E1
