lt_hip
t	x	y
0.000000000E0	8.400000000E1	2.060000000E2
5.008888889E-2	8.500000000E1	2.010000000E2
1.003222222E-1	8.800000000E1	2.090000000E2
1.505555556E-1	9.300000000E1	2.070000000E2
2.006444444E-1	9.200000000E1	2.130000000E2
2.507333333E-1	8.900000000E1	2.230000000E2
3.009666667E-1	8.400000000E1	2.300000000E2
3.513555556E-1	8.300000000E1	2.360000000E2
4.014444444E-1	7.900000000E1	2.320000000E2
4.514333333E-1	8.200000000E1	2.260000000E2
5.017555556E-1	8.300000000E1	2.200000000E2
5.517555556E-1	8.000000000E1	2.180000000E2
6.019222222E-1	7.600000000E1	2.220000000E2
6.520888889E-1	7.400000000E1	2.270000000E2
7.024555556E-1	7.400000000E1	2.360000000E2
7.524000000E-1	7.100000000E1	2.470000000E2
8.027111111E-1	6.800000000E1	2.510000000E2
8.530222222E-1	7.300000000E1	2.560000000E2
9.030888889E-1	7.500000000E1	2.560000000E2
9.530333333E-1	7.200000000E1	2.570000000E2
1.003377778E0	7.300000000E1	2.580000000E2
1.053511111E0	7.000000000E1	2.570000000E2
1.103522222E0	7.000000000E1	2.600000000E2
1.153677778E0	7.800000000E1	2.610000000E2
1.204033333E0	7.600000000E1	2.570000000E2
1.254000000E0	7.800000000E1	2.590000000E2
1.304155556E0	7.800000000E1	2.660000000E2
