lt_hand
t	x	y
0.000000000E0	1.800000000E1	2.460000000E2
5.008888889E-2	2.300000000E1	2.460000000E2
1.003222222E-1	2.700000000E1	2.500000000E2
1.505555556E-1	2.700000000E1	2.520000000E2
2.006444444E-1	2.700000000E1	2.530000000E2
2.507333333E-1	2.500000000E1	2.560000000E2
3.009666667E-1	2.600000000E1	2.570000000E2
3.513555556E-1	2.500000000E1	2.570000000E2
4.014444444E-1	2.800000000E1	2.530000000E2
4.514333333E-1	2.700000000E1	2.470000000E2
5.017555556E-1	2.500000000E1	2.470000000E2
5.517555556E-1	2.300000000E1	2.430000000E2
6.019222222E-1	2.400000000E1	2.450000000E2
6.520888889E-1	2.300000000E1	2.450000000E2
7.024555556E-1	2.100000000E1	2.510000000E2
7.524000000E-1	1.900000000E1	2.650000000E2
8.027111111E-1	1.400000000E1	2.650000000E2
8.530222222E-1	1.900000000E1	2.760000000E2
9.030888889E-1	1.900000000E1	2.840000000E2
9.530333333E-1	2.100000000E1	2.820000000E2
1.003377778E0	2.100000000E1	2.870000000E2
1.053511111E0	2.300000000E1	2.840000000E2
1.103522222E0	2.700000000E1	2.850000000E2
1.153677778E0	2.900000000E1	2.890000000E2
1.204033333E0	2.700000000E1	2.910000000E2
1.254000000E0	2.800000000E1	2.890000000E2
1.304155556E0	2.700000000E1	2.900000000E2
