lt_knee
t	x	y
0.000000000E0	9.000000000E1	4.100000000E1
5.008888889E-2	8.200000000E1	4.400000000E1
1.003222222E-1	7.200000000E1	5.400000000E1
1.505555556E-1	6.600000000E1	6.100000000E1
2.006444444E-1	6.200000000E1	7.600000000E1
2.507333333E-1	6.300000000E1	9.900000000E1
3.009666667E-1	6.400000000E1	1.090000000E2
3.513555556E-1	6.600000000E1	1.110000000E2
4.014444444E-1	6.900000000E1	1.100000000E2
4.514333333E-1	7.500000000E1	9.900000000E1
5.017555556E-1	7.800000000E1	9.600000000E1
5.517555556E-1	8.200000000E1	9.700000000E1
6.019222222E-1	7.800000000E1	1.020000000E2
6.520888889E-1	7.400000000E1	1.100000000E2
7.024555556E-1	7.400000000E1	1.140000000E2
7.524000000E-1	7.400000000E1	1.180000000E2
8.027111111E-1	7.500000000E1	1.230000000E2
8.530222222E-1	7.700000000E1	1.270000000E2
9.030888889E-1	7.900000000E1	1.280000000E2
9.530333333E-1	7.600000000E1	1.300000000E2
1.003377778E0	7.700000000E1	1.360000000E2
1.053511111E0	7.700000000E1	1.380000000E2
1.103522222E0	7.400000000E1	1.460000000E2
1.153677778E0	6.700000000E1	1.470000000E2
1.204033333E0	5.900000000E1	1.520000000E2
1.254000000E0	5.300000000E1	1.590000000E2
1.304155556E0	5.300000000E1	1.680000000E2
