lt_shoulder
t	x	y
0.000000000E0	5.700000000E1	4.860000000E2
5.008888889E-2	6.100000000E1	4.830000000E2
1.003222222E-1	6.700000000E1	4.810000000E2
1.505555556E-1	7.100000000E1	4.860000000E2
2.006444444E-1	7.400000000E1	4.920000000E2
2.507333333E-1	7.700000000E1	4.970000000E2
3.009666667E-1	8.100000000E1	5.000000000E2
3.513555556E-1	8.100000000E1	4.980000000E2
4.014444444E-1	8.100000000E1	4.910000000E2
4.514333333E-1	7.800000000E1	4.810000000E2
5.017555556E-1	7.500000000E1	4.710000000E2
5.517555556E-1	6.800000000E1	4.690000000E2
6.019222222E-1	6.500000000E1	4.620000000E2
6.520888889E-1	5.900000000E1	4.620000000E2
7.024555556E-1	5.500000000E1	4.680000000E2
7.524000000E-1	5.300000000E1	4.720000000E2
8.027111111E-1	4.800000000E1	4.750000000E2
8.530222222E-1	5.100000000E1	4.780000000E2
9.030888889E-1	5.000000000E1	4.740000000E2
9.530333333E-1	4.500000000E1	4.680000000E2
1.003377778E0	5.000000000E1	4.620000000E2
1.053511111E0	5.200000000E1	4.570000000E2
1.103522222E0	5.200000000E1	4.560000000E2
1.153677778E0	5.500000000E1	4.510000000E2
1.204033333E0	5.900000000E1	4.570000000E2
1.254000000E0	6.300000000E1	4.620000000E2
1.304155556E0	6.500000000E1	4.630000000E2
