neck
t	x	y
0.000000000E0	1.660000000E2	5.080000000E2
5.008888889E-2	1.720000000E2	5.000000000E2
1.003222222E-1	1.750000000E2	5.000000000E2
1.505555556E-1	1.810000000E2	4.990000000E2
2.006444444E-1	1.810000000E2	5.040000000E2
2.507333333E-1	1.850000000E2	5.080000000E2
3.009666667E-1	1.840000000E2	5.150000000E2
3.513555556E-1	1.870000000E2	5.070000000E2
4.014444444E-1	1.810000000E2	5.030000000E2
4.514333333E-1	1.740000000E2	4.950000000E2
5.017555556E-1	1.670000000E2	4.870000000E2
5.517555556E-1	1.650000000E2	4.820000000E2
6.019222222E-1	1.570000000E2	4.810000000E2
6.520888889E-1	1.480000000E2	4.810000000E2
7.024555556E-1	1.450000000E2	4.850000000E2
7.524000000E-1	1.400000000E2	4.900000000E2
8.027111111E-1	1.400000000E2	4.900000000E2
8.530222222E-1	1.310000000E2	4.940000000E2
9.030888889E-1	1.320000000E2	4.890000000E2
9.530333333E-1	1.300000000E2	4.810000000E2
1.003377778E0	1.290000000E2	4.770000000E2
1.053511111E0	1.310000000E2	4.730000000E2
1.103522222E0	1.300000000E2	4.670000000E2
1.153677778E0	1.350000000E2	4.630000000E2
1.204033333E0	1.370000000E2	4.640000000E2
1.254000000E0	1.410000000E2	4.670000000E2
1.304155556E0	1.410000000E2	4.710000000E2
