rt_elbow
t	x	y
0.000000000E0	2.860000000E2	3.150000000E2
5.008888889E-2	2.820000000E2	3.070000000E2
1.003222222E-1	2.820000000E2	3.000000000E2
1.505555556E-1	2.830000000E2	3.050000000E2
2.006444444E-1	2.810000000E2	3.080000000E2
2.507333333E-1	2.820000000E2	3.140000000E2
3.009666667E-1	2.790000000E2	3.170000000E2
3.513555556E-1	2.790000000E2	3.160000000E2
4.014444444E-1	2.750000000E2	3.160000000E2
4.514333333E-1	2.720000000E2	3.110000000E2
5.017555556E-1	2.670000000E2	3.060000000E2
5.517555556E-1	2.650000000E2	3.080000000E2
6.019222222E-1	2.610000000E2	3.130000000E2
6.520888889E-1	2.520000000E2	3.160000000E2
7.024555556E-1	2.450000000E2	3.310000000E2
7.524000000E-1	2.400000000E2	3.380000000E2
8.027111111E-1	2.350000000E2	3.440000000E2
8.530222222E-1	2.290000000E2	3.450000000E2
9.030888889E-1	2.240000000E2	3.460000000E2
9.530333333E-1	2.230000000E2	3.420000000E2
1.003377778E0	2.190000000E2	3.420000000E2
1.053511111E0	2.170000000E2	3.300000000E2
1.103522222E0	2.120000000E2	3.300000000E2
1.153677778E0	2.090000000E2	3.270000000E2
1.204033333E0	2.120000000E2	3.280000000E2
1.254000000E0	2.130000000E2	3.330000000E2
1.304155556E0	2.130000000E2	3.340000000E2
