rt_foot
t	x	y
0.000000000E0	1.360000000E2	-1.230000000E2
5.008888889E-2	1.380000000E2	-1.180000000E2
1.003222222E-1	1.370000000E2	-1.110000000E2
1.505555556E-1	1.350000000E2	-1.080000000E2
2.006444444E-1	1.310000000E2	-1.090000000E2
2.507333333E-1	1.340000000E2	-1.080000000E2
3.009666667E-1	1.280000000E2	-1.120000000E2
3.513555556E-1	1.300000000E2	-1.010000000E2
4.014444444E-1	1.300000000E2	-1.000000000E2
4.514333333E-1	1.300000000E2	-9.900000000E1
5.017555556E-1	1.320000000E2	-8.700000000E1
5.517555556E-1	1.340000000E2	-8.100000000E1
6.019222222E-1	1.400000000E2	-6.800000000E1
6.520888889E-1	1.430000000E2	-4.000000000E1
7.024555556E-1	1.430000000E2	-1.200000000E1
7.524000000E-1	1.460000000E2	1.400000000E1
8.027111111E-1	1.400000000E2	1.500000000E1
8.530222222E-1	1.350000000E2	5.000000000E0
9.030888889E-1	1.300000000E2	-3.000000000E0
9.530333333E-1	1.250000000E2	-5.000000000E0
1.003377778E0	1.220000000E2	4.000000000E0
1.053511111E0	1.100000000E2	1.000000000E1
1.103522222E0	1.030000000E2	1.100000000E1
1.153677778E0	1.050000000E2	1.700000000E1
1.204033333E0	1.010000000E2	1.300000000E1
1.254000000E0	1.010000000E2	1.600000000E1
1.304155556E0	1.020000000E2	1.700000000E1
