rt_hip
t	x	y
0.000000000E0	2.240000000E2	1.950000000E2
5.008888889E-2	2.240000000E2	1.890000000E2
1.003222222E-1	2.250000000E2	1.970000000E2
1.505555556E-1	2.250000000E2	2.050000000E2
2.006444444E-1	2.260000000E2	2.150000000E2
2.507333333E-1	2.240000000E2	2.220000000E2
3.009666667E-1	2.140000000E2	2.240000000E2
3.513555556E-1	2.120000000E2	2.270000000E2
4.014444444E-1	2.120000000E2	2.290000000E2
4.514333333E-1	2.070000000E2	2.280000000E2
5.017555556E-1	2.070000000E2	2.330000000E2
5.517555556E-1	2.070000000E2	2.320000000E2
6.019222222E-1	1.970000000E2	2.300000000E2
6.520888889E-1	1.920000000E2	2.340000000E2
7.024555556E-1	1.850000000E2	2.410000000E2
7.524000000E-1	1.850000000E2	2.510000000E2
8.027111111E-1	1.810000000E2	2.550000000E2
8.530222222E-1	1.830000000E2	2.610000000E2
9.030888889E-1	1.810000000E2	2.640000000E2
9.530333333E-1	1.780000000E2	2.610000000E2
1.003377778E0	1.740000000E2	2.510000000E2
1.053511111E0	1.700000000E2	2.470000000E2
1.103522222E0	1.680000000E2	2.490000000E2
1.153677778E0	1.700000000E2	2.470000000E2
1.204033333E0	1.740000000E2	2.510000000E2
1.254000000E0	1.710000000E2	2.600000000E2
1.304155556E0	1.730000000E2	2.640000000E2
