rt_hand
t	x	y
0.000000000E0	2.550000000E2	1.940000000E2
5.008888889E-2	2.550000000E2	1.950000000E2
1.003222222E-1	2.550000000E2	1.950000000E2
1.505555556E-1	2.550000000E2	2.010000000E2
2.006444444E-1	2.510000000E2	2.120000000E2
2.507333333E-1	2.530000000E2	2.190000000E2
3.009666667E-1	2.510000000E2	2.290000000E2
3.513555556E-1	2.500000000E2	2.330000000E2
4.014444444E-1	2.420000000E2	2.380000000E2
4.514333333E-1	2.430000000E2	2.380000000E2
5.017555556E-1	2.410000000E2	2.350000000E2
5.517555556E-1	2.370000000E2	2.400000000E2
6.019222222E-1	2.330000000E2	2.370000000E2
6.520888889E-1	2.300000000E2	2.390000000E2
7.024555556E-1	2.250000000E2	2.480000000E2
7.524000000E-1	2.210000000E2	2.550000000E2
8.027111111E-1	2.180000000E2	2.600000000E2
8.530222222E-1	2.120000000E2	2.610000000E2
9.030888889E-1	2.090000000E2	2.640000000E2
9.530333333E-1	2.020000000E2	2.590000000E2
1.003377778E0	1.990000000E2	2.550000000E2
1.053511111E0	2.010000000E2	2.550000000E2
1.103522222E0	1.950000000E2	2.530000000E2
1.153677778E0	1.930000000E2	2.490000000E2
1.204033333E0	1.910000000E2	2.540000000E2
1.254000000E0	1.940000000E2	2.570000000E2
1.304155556E0	1.960000000E2	2.610000000E2
