rt_knee
t	x	y
0.000000000E0	1.740000000E2	2.200000000E1
5.008888889E-2	1.710000000E2	2.800000000E1
1.003222222E-1	1.740000000E2	3.800000000E1
1.505555556E-1	1.740000000E2	4.600000000E1
2.006444444E-1	1.700000000E2	5.400000000E1
2.507333333E-1	1.710000000E2	5.600000000E1
3.009666667E-1	1.660000000E2	6.000000000E1
3.513555556E-1	1.660000000E2	6.400000000E1
4.014444444E-1	1.630000000E2	6.900000000E1
4.514333333E-1	1.650000000E2	7.400000000E1
5.017555556E-1	1.630000000E2	8.000000000E1
5.517555556E-1	1.600000000E2	8.400000000E1
6.019222222E-1	1.640000000E2	9.100000000E1
6.520888889E-1	1.670000000E2	1.000000000E2
7.024555556E-1	1.680000000E2	1.080000000E2
7.524000000E-1	1.680000000E2	1.180000000E2
8.027111111E-1	1.650000000E2	1.330000000E2
8.530222222E-1	1.630000000E2	1.390000000E2
9.030888889E-1	1.560000000E2	1.380000000E2
9.530333333E-1	1.530000000E2	1.320000000E2
1.003377778E0	1.420000000E2	1.240000000E2
1.053511111E0	1.380000000E2	1.240000000E2
1.103522222E0	1.340000000E2	1.280000000E2
1.153677778E0	1.320000000E2	1.290000000E2
1.204033333E0	1.370000000E2	1.360000000E2
1.254000000E0	1.340000000E2	1.430000000E2
1.304155556E0	1.350000000E2	1.440000000E2
