rt_shoulder
t	x	y
0.000000000E0	2.730000000E2	4.730000000E2
5.008888889E-2	2.730000000E2	4.630000000E2
1.003222222E-1	2.750000000E2	4.590000000E2
1.505555556E-1	2.750000000E2	4.610000000E2
2.006444444E-1	2.760000000E2	4.650000000E2
2.507333333E-1	2.740000000E2	4.670000000E2
3.009666667E-1	2.750000000E2	4.700000000E2
3.513555556E-1	2.690000000E2	4.690000000E2
4.014444444E-1	2.670000000E2	4.650000000E2
4.514333333E-1	2.620000000E2	4.610000000E2
5.017555556E-1	2.530000000E2	4.530000000E2
5.517555556E-1	2.490000000E2	4.480000000E2
6.019222222E-1	2.350000000E2	4.470000000E2
6.520888889E-1	2.310000000E2	4.510000000E2
7.024555556E-1	2.210000000E2	4.610000000E2
7.524000000E-1	2.190000000E2	4.620000000E2
8.027111111E-1	2.150000000E2	4.690000000E2
8.530222222E-1	2.150000000E2	4.690000000E2
9.030888889E-1	2.070000000E2	4.690000000E2
9.530333333E-1	2.050000000E2	4.630000000E2
1.003377778E0	2.040000000E2	4.550000000E2
1.053511111E0	2.060000000E2	4.470000000E2
1.103522222E0	2.040000000E2	4.450000000E2
1.153677778E0	2.060000000E2	4.440000000E2
1.204033333E0	2.070000000E2	4.390000000E2
1.254000000E0	2.070000000E2	4.420000000E2
1.304155556E0	2.100000000E2	4.460000000E2
