waist
t	x	y
0.000000000E0	1.720000000E2	2.230000000E2
5.008888889E-2	1.720000000E2	2.230000000E2
1.003222222E-1	1.770000000E2	2.270000000E2
1.505555556E-1	1.740000000E2	2.310000000E2
2.006444444E-1	1.700000000E2	2.430000000E2
2.507333333E-1	1.710000000E2	2.490000000E2
3.009666667E-1	1.630000000E2	2.530000000E2
3.513555556E-1	1.560000000E2	2.570000000E2
4.014444444E-1	1.530000000E2	2.550000000E2
4.514333333E-1	1.530000000E2	2.530000000E2
5.017555556E-1	1.520000000E2	2.520000000E2
5.517555556E-1	1.480000000E2	2.500000000E2
6.019222222E-1	1.440000000E2	2.520000000E2
6.520888889E-1	1.370000000E2	2.530000000E2
7.024555556E-1	1.390000000E2	2.620000000E2
7.524000000E-1	1.390000000E2	2.670000000E2
8.027111111E-1	1.380000000E2	2.760000000E2
8.530222222E-1	1.380000000E2	2.830000000E2
9.030888889E-1	1.380000000E2	2.820000000E2
9.530333333E-1	1.380000000E2	2.790000000E2
1.003377778E0	1.330000000E2	2.710000000E2
1.053511111E0	1.340000000E2	2.730000000E2
1.103522222E0	1.340000000E2	2.680000000E2
1.153677778E0	1.360000000E2	2.690000000E2
1.204033333E0	1.360000000E2	2.730000000E2
1.254000000E0	1.350000000E2	2.790000000E2
1.304155556E0	1.310000000E2	2.890000000E2
