lt_elbow
t	x	y
0.000000000E0	-6.320000000E2	6.000000000E0
5.017777778E-2	-6.260000000E2	1.100000000E1
1.003555556E-1	-6.120000000E2	3.400000000E1
1.505333333E-1	-6.070000000E2	5.300000000E1
2.007111111E-1	-5.960000000E2	7.100000000E1
2.508888889E-1	-5.860000000E2	9.400000000E1
3.010666667E-1	-5.850000000E2	1.100000000E2
3.511111111E-1	-5.760000000E2	1.270000000E2
4.016222222E-1	-5.660000000E2	1.390000000E2
4.514444444E-1	-5.630000000E2	1.430000000E2
5.014888889E-1	-5.550000000E2	1.440000000E2
5.517444444E-1	-5.530000000E2	1.300000000E2
6.020000000E-1	-5.530000000E2	1.240000000E2
6.522555556E-1	-5.540000000E2	1.110000000E2
7.022222222E-1	-5.560000000E2	1.040000000E2
7.526888889E-1	-5.600000000E2	1.010000000E2
8.026555556E-1	-5.670000000E2	1.040000000E2
8.526222222E-1	-5.730000000E2	1.100000000E2
9.029000000E-1	-5.800000000E2	1.150000000E2
9.531777778E-1	-5.860000000E2	1.180000000E2
1.003255556E0	-5.860000000E2	1.240000000E2
1.053133333E0	-5.890000000E2	1.280000000E2
1.103533333E0	-5.880000000E2	1.250000000E2
1.153722222E0	-5.870000000E2	1.320000000E2
1.204044444E0	-5.870000000E2	1.260000000E2
1.254000000E0	-5.880000000E2	1.220000000E2
1.304355556E0	-5.820000000E2	1.180000000E2
1.354433333E0	-5.780000000E2	1.180000000E2
1.404511111E0	-5.760000000E2	1.270000000E2
1.454588889E0	-5.640000000E2	1.330000000E2
1.504877778E0	-5.560000000E2	1.510000000E2
1.555044444E0	-5.500000000E2	1.720000000E2
1.605211111E0	-5.430000000E2	1.870000000E2
1.655377778E0	-5.390000000E2	2.040000000E2
1.705544444E0	-5.340000000E2	2.160000000E2
1.755711111E0	-5.280000000E2	2.270000000E2
1.805744444E0	-5.300000000E2	2.340000000E2
1.855900000E0	-5.280000000E2	2.290000000E2
1.906055556E0	-5.270000000E2	2.300000000E2
1.956022222E0	-5.270000000E2	2.240000000E2
2.006477778E0	-5.240000000E2	2.180000000E2
2.056644444E0	-5.280000000E2	2.140000000E2
2.106811111E0	-5.340000000E2	2.060000000E2
2.156977778E0	-5.360000000E2	2.000000000E2
2.207144444E0	-5.420000000E2	2.020000000E2
2.257188889E0	-5.460000000E2	2.180000000E2
2.307444444E0	-5.540000000E2	2.190000000E2
2.357300000E0	-5.580000000E2	2.270000000E2
2.407455556E0	-5.640000000E2	2.340000000E2
2.457822222E0	-5.660000000E2	2.420000000E2
2.507977778E0	-5.660000000E2	2.440000000E2
2.557933333E0	-5.700000000E2	2.470000000E2
2.608377778E0	-5.670000000E2	2.520000000E2
2.658644444E0	-5.680000000E2	2.480000000E2
2.708688889E0	-5.640000000E2	2.530000000E2
2.758866667E0	-5.590000000E2	2.520000000E2
2.809044444E0	-5.550000000E2	2.510000000E2
2.859111111E0	-5.530000000E2	2.570000000E2
