lt_foot
t	x	y
0.000000000E0	-4.740000000E2	-8.470000000E2
5.017777778E-2	-4.750000000E2	-8.290000000E2
1.003555556E-1	-4.780000000E2	-8.040000000E2
1.505333333E-1	-4.830000000E2	-7.650000000E2
2.007111111E-1	-4.810000000E2	-7.090000000E2
2.508888889E-1	-4.730000000E2	-6.330000000E2
3.010666667E-1	-4.720000000E2	-5.470000000E2
3.511111111E-1	-4.730000000E2	-4.770000000E2
4.016222222E-1	-4.750000000E2	-4.420000000E2
4.514444444E-1	-4.670000000E2	-4.480000000E2
5.014888889E-1	-4.580000000E2	-4.660000000E2
5.517444444E-1	-4.460000000E2	-4.920000000E2
6.020000000E-1	-4.370000000E2	-5.160000000E2
6.522555556E-1	-4.310000000E2	-5.300000000E2
7.022222222E-1	-4.310000000E2	-5.300000000E2
7.526888889E-1	-4.310000000E2	-5.340000000E2
8.026555556E-1	-4.280000000E2	-5.370000000E2
8.526222222E-1	-4.280000000E2	-5.380000000E2
9.029000000E-1	-4.320000000E2	-5.380000000E2
9.531777778E-1	-4.310000000E2	-5.410000000E2
1.003255556E0	-4.310000000E2	-5.410000000E2
1.053133333E0	-4.270000000E2	-5.400000000E2
1.103533333E0	-4.230000000E2	-5.380000000E2
1.153722222E0	-4.230000000E2	-5.380000000E2
1.204044444E0	-4.170000000E2	-5.350000000E2
1.254000000E0	-4.170000000E2	-5.350000000E2
1.304355556E0	-4.180000000E2	-5.330000000E2
1.354433333E0	-4.210000000E2	-5.230000000E2
1.404511111E0	-4.230000000E2	-5.120000000E2
1.454588889E0	-4.290000000E2	-4.960000000E2
1.504877778E0	-4.350000000E2	-4.700000000E2
1.555044444E0	-4.430000000E2	-4.400000000E2
1.605211111E0	-4.410000000E2	-3.880000000E2
1.655377778E0	-4.390000000E2	-3.330000000E2
1.705544444E0	-4.390000000E2	-2.800000000E2
1.755711111E0	-4.440000000E2	-2.440000000E2
1.805744444E0	-4.490000000E2	-2.360000000E2
1.855900000E0	-4.470000000E2	-2.500000000E2
1.906055556E0	-4.450000000E2	-2.680000000E2
1.956022222E0	-4.470000000E2	-2.860000000E2
2.006477778E0	-4.460000000E2	-3.030000000E2
2.056644444E0	-4.460000000E2	-3.120000000E2
2.106811111E0	-4.450000000E2	-3.140000000E2
2.156977778E0	-4.450000000E2	-3.140000000E2
2.207144444E0	-4.450000000E2	-3.140000000E2
2.257188889E0	-4.450000000E2	-3.140000000E2
2.307444444E0	-4.450000000E2	-3.140000000E2
2.357300000E0	-4.450000000E2	-3.140000000E2
2.407455556E0	-4.450000000E2	-3.140000000E2
2.457822222E0	-4.450000000E2	-3.140000000E2
2.507977778E0	-4.450000000E2	-3.140000000E2
2.557933333E0	-4.430000000E2	-3.130000000E2
2.608377778E0	-4.390000000E2	-3.130000000E2
2.658644444E0	-4.390000000E2	-3.130000000E2
2.708688889E0	-4.390000000E2	-3.130000000E2
2.758866667E0	-4.390000000E2	-3.130000000E2
2.809044444E0	-4.390000000E2	-3.130000000E2
2.859111111E0	-4.390000000E2	-3.130000000E2
