lt_hip
t	x	y
0.000000000E0	-5.220000000E2	-1.920000000E2
5.017777778E-2	-5.170000000E2	-1.920000000E2
1.003555556E-1	-5.160000000E2	-1.830000000E2
1.505333333E-1	-5.110000000E2	-1.750000000E2
2.007111111E-1	-5.110000000E2	-1.580000000E2
2.508888889E-1	-5.110000000E2	-1.430000000E2
3.010666667E-1	-5.150000000E2	-1.310000000E2
3.511111111E-1	-5.150000000E2	-1.180000000E2
4.016222222E-1	-5.150000000E2	-1.040000000E2
4.514444444E-1	-5.150000000E2	-9.100000000E1
5.014888889E-1	-5.200000000E2	-8.700000000E1
5.517444444E-1	-5.170000000E2	-9.000000000E1
6.020000000E-1	-5.140000000E2	-9.500000000E1
6.522555556E-1	-5.130000000E2	-1.080000000E2
7.022222222E-1	-5.070000000E2	-1.070000000E2
7.526888889E-1	-5.090000000E2	-1.010000000E2
8.026555556E-1	-5.050000000E2	-9.200000000E1
8.526222222E-1	-5.040000000E2	-8.400000000E1
9.029000000E-1	-5.040000000E2	-7.500000000E1
9.531777778E-1	-5.020000000E2	-5.900000000E1
1.003255556E0	-4.970000000E2	-5.100000000E1
1.053133333E0	-4.930000000E2	-3.900000000E1
1.103533333E0	-4.910000000E2	-3.300000000E1
1.153722222E0	-4.870000000E2	-2.500000000E1
1.204044444E0	-4.830000000E2	-2.300000000E1
1.254000000E0	-4.830000000E2	-2.700000000E1
1.304355556E0	-4.790000000E2	-3.000000000E1
1.354433333E0	-4.760000000E2	-3.100000000E1
1.404511111E0	-4.740000000E2	-3.600000000E1
1.454588889E0	-4.770000000E2	-2.100000000E1
1.504877778E0	-4.770000000E2	-9.000000000E0
1.555044444E0	-4.750000000E2	-1.000000000E0
1.605211111E0	-4.730000000E2	1.500000000E1
1.655377778E0	-4.750000000E2	2.100000000E1
1.705544444E0	-4.810000000E2	3.400000000E1
1.755711111E0	-4.810000000E2	4.800000000E1
1.805744444E0	-4.870000000E2	5.200000000E1
1.855900000E0	-4.900000000E2	5.900000000E1
1.906055556E0	-4.930000000E2	5.300000000E1
1.956022222E0	-4.930000000E2	5.400000000E1
2.006477778E0	-4.940000000E2	4.900000000E1
2.056644444E0	-4.950000000E2	4.700000000E1
2.106811111E0	-4.870000000E2	4.200000000E1
2.156977778E0	-4.970000000E2	4.200000000E1
2.207144444E0	-4.990000000E2	4.700000000E1
2.257188889E0	-4.970000000E2	5.300000000E1
2.307444444E0	-4.990000000E2	7.100000000E1
2.357300000E0	-4.970000000E2	7.300000000E1
2.407455556E0	-4.970000000E2	9.800000000E1
2.457822222E0	-4.970000000E2	1.010000000E2
2.507977778E0	-4.950000000E2	1.060000000E2
2.557933333E0	-4.910000000E2	1.090000000E2
2.608377778E0	-4.950000000E2	1.140000000E2
2.658644444E0	-4.870000000E2	1.150000000E2
2.708688889E0	-4.890000000E2	1.170000000E2
2.758866667E0	-4.850000000E2	1.150000000E2
2.809044444E0	-4.840000000E2	1.150000000E2
2.859111111E0	-4.820000000E2	1.170000000E2
