lt_hand
t	x	y
0.000000000E0	-5.970000000E2	-1.760000000E2
5.017777778E-2	-5.980000000E2	-1.760000000E2
1.003555556E-1	-5.960000000E2	-1.640000000E2
1.505333333E-1	-5.950000000E2	-1.420000000E2
2.007111111E-1	-5.960000000E2	-1.320000000E2
2.508888889E-1	-6.020000000E2	-1.130000000E2
3.010666667E-1	-6.040000000E2	-1.020000000E2
3.511111111E-1	-6.060000000E2	-8.400000000E1
4.016222222E-1	-6.020000000E2	-7.500000000E1
4.514444444E-1	-5.980000000E2	-6.800000000E1
5.014888889E-1	-5.980000000E2	-7.100000000E1
5.517444444E-1	-5.980000000E2	-7.600000000E1
6.020000000E-1	-5.920000000E2	-8.400000000E1
6.522555556E-1	-5.900000000E2	-9.600000000E1
7.022222222E-1	-5.860000000E2	-9.900000000E1
7.526888889E-1	-5.840000000E2	-1.020000000E2
8.026555556E-1	-5.850000000E2	-8.700000000E1
8.526222222E-1	-5.790000000E2	-9.000000000E1
9.029000000E-1	-5.840000000E2	-8.400000000E1
9.531777778E-1	-5.780000000E2	-7.300000000E1
1.003255556E0	-5.840000000E2	-6.000000000E1
1.053133333E0	-5.760000000E2	-5.400000000E1
1.103533333E0	-5.680000000E2	-4.400000000E1
1.153722222E0	-5.720000000E2	-4.000000000E1
1.204044444E0	-5.640000000E2	-4.000000000E1
1.254000000E0	-5.610000000E2	-4.000000000E1
1.304355556E0	-5.590000000E2	-4.200000000E1
1.354433333E0	-5.550000000E2	-4.200000000E1
1.404511111E0	-5.500000000E2	-3.800000000E1
1.454588889E0	-5.490000000E2	-3.000000000E1
1.504877778E0	-5.520000000E2	-1.800000000E1
1.555044444E0	-5.520000000E2	-3.000000000E0
1.605211111E0	-5.540000000E2	1.200000000E1
1.655377778E0	-5.540000000E2	3.000000000E1
1.705544444E0	-5.520000000E2	4.300000000E1
1.755711111E0	-5.540000000E2	5.900000000E1
1.805744444E0	-5.510000000E2	6.300000000E1
1.855900000E0	-5.530000000E2	6.300000000E1
1.906055556E0	-5.500000000E2	5.900000000E1
1.956022222E0	-5.480000000E2	5.800000000E1
2.006477778E0	-5.500000000E2	5.200000000E1
2.056644444E0	-5.500000000E2	4.300000000E1
2.106811111E0	-5.540000000E2	3.700000000E1
2.156977778E0	-5.550000000E2	3.900000000E1
2.207144444E0	-5.610000000E2	4.500000000E1
2.257188889E0	-5.620000000E2	4.600000000E1
2.307444444E0	-5.610000000E2	5.700000000E1
2.357300000E0	-5.620000000E2	6.400000000E1
2.407455556E0	-5.670000000E2	7.100000000E1
2.457822222E0	-5.650000000E2	7.700000000E1
2.507977778E0	-5.650000000E2	8.800000000E1
2.557933333E0	-5.620000000E2	8.700000000E1
2.608377778E0	-5.580000000E2	9.200000000E1
2.658644444E0	-5.610000000E2	9.000000000E1
2.708688889E0	-5.570000000E2	9.000000000E1
2.758866667E0	-5.520000000E2	9.300000000E1
2.809044444E0	-5.510000000E2	9.500000000E1
2.859111111E0	-5.460000000E2	9.900000000E1
