lt_knee
t	x	y
0.000000000E0	-4.930000000E2	-5.190000000E2
5.017777778E-2	-4.900000000E2	-5.140000000E2
1.003555556E-1	-4.900000000E2	-4.950000000E2
1.505333333E-1	-5.010000000E2	-4.760000000E2
2.007111111E-1	-5.010000000E2	-4.400000000E2
2.508888889E-1	-5.010000000E2	-4.150000000E2
3.010666667E-1	-5.160000000E2	-3.680000000E2
3.511111111E-1	-5.150000000E2	-3.350000000E2
4.016222222E-1	-5.110000000E2	-3.000000000E2
4.514444444E-1	-5.070000000E2	-2.860000000E2
5.014888889E-1	-5.050000000E2	-2.760000000E2
5.517444444E-1	-4.990000000E2	-2.850000000E2
6.020000000E-1	-4.990000000E2	-2.920000000E2
6.522555556E-1	-4.930000000E2	-3.090000000E2
7.022222222E-1	-4.930000000E2	-3.150000000E2
7.526888889E-1	-4.930000000E2	-3.200000000E2
8.026555556E-1	-4.920000000E2	-3.200000000E2
8.526222222E-1	-4.890000000E2	-3.200000000E2
9.029000000E-1	-4.880000000E2	-3.170000000E2
9.531777778E-1	-4.880000000E2	-3.150000000E2
1.003255556E0	-4.820000000E2	-3.050000000E2
1.053133333E0	-4.790000000E2	-2.970000000E2
1.103533333E0	-4.690000000E2	-2.910000000E2
1.153722222E0	-4.610000000E2	-2.850000000E2
1.204044444E0	-4.590000000E2	-2.830000000E2
1.254000000E0	-4.550000000E2	-2.770000000E2
1.304355556E0	-4.550000000E2	-2.770000000E2
1.354433333E0	-4.550000000E2	-2.720000000E2
1.404511111E0	-4.560000000E2	-2.700000000E2
1.454588889E0	-4.630000000E2	-2.550000000E2
1.504877778E0	-4.750000000E2	-2.450000000E2
1.555044444E0	-4.790000000E2	-2.270000000E2
1.605211111E0	-4.830000000E2	-2.090000000E2
1.655377778E0	-4.850000000E2	-1.900000000E2
1.705544444E0	-4.870000000E2	-1.620000000E2
1.755711111E0	-4.870000000E2	-1.450000000E2
1.805744444E0	-4.880000000E2	-1.330000000E2
1.855900000E0	-4.880000000E2	-1.210000000E2
1.906055556E0	-4.880000000E2	-1.150000000E2
1.956022222E0	-4.870000000E2	-1.180000000E2
2.006477778E0	-4.860000000E2	-1.250000000E2
2.056644444E0	-4.870000000E2	-1.310000000E2
2.106811111E0	-4.880000000E2	-1.370000000E2
2.156977778E0	-4.880000000E2	-1.380000000E2
2.207144444E0	-4.900000000E2	-1.400000000E2
2.257188889E0	-4.900000000E2	-1.400000000E2
2.307444444E0	-4.910000000E2	-1.350000000E2
2.357300000E0	-4.910000000E2	-1.310000000E2
2.407455556E0	-4.910000000E2	-1.260000000E2
2.457822222E0	-4.870000000E2	-1.210000000E2
2.507977778E0	-4.840000000E2	-1.150000000E2
2.557933333E0	-4.770000000E2	-1.110000000E2
2.608377778E0	-4.750000000E2	-1.030000000E2
2.658644444E0	-4.670000000E2	-1.030000000E2
2.708688889E0	-4.670000000E2	-1.030000000E2
2.758866667E0	-4.670000000E2	-9.900000000E1
2.809044444E0	-4.630000000E2	-9.900000000E1
2.859111111E0	-4.630000000E2	-9.900000000E1
