lt_shoulder
t	x	y
0.000000000E0	-5.860000000E2	2.430000000E2
5.017777778E-2	-5.700000000E2	2.440000000E2
1.003555556E-1	-5.520000000E2	2.590000000E2
1.505333333E-1	-5.380000000E2	2.690000000E2
2.007111111E-1	-5.200000000E2	2.850000000E2
2.508888889E-1	-5.160000000E2	2.980000000E2
3.010666667E-1	-5.040000000E2	3.130000000E2
3.511111111E-1	-5.000000000E2	3.250000000E2
4.016222222E-1	-5.020000000E2	3.330000000E2
4.514444444E-1	-4.960000000E2	3.360000000E2
5.014888889E-1	-4.970000000E2	3.240000000E2
5.517444444E-1	-4.930000000E2	3.180000000E2
6.020000000E-1	-4.950000000E2	3.070000000E2
6.522555556E-1	-5.000000000E2	2.970000000E2
7.022222222E-1	-5.100000000E2	2.890000000E2
7.526888889E-1	-5.180000000E2	2.830000000E2
8.026555556E-1	-5.300000000E2	2.860000000E2
8.526222222E-1	-5.380000000E2	2.960000000E2
9.029000000E-1	-5.420000000E2	2.900000000E2
9.531777778E-1	-5.470000000E2	3.060000000E2
1.003255556E0	-5.460000000E2	3.140000000E2
1.053133333E0	-5.500000000E2	3.190000000E2
1.103533333E0	-5.480000000E2	3.210000000E2
1.153722222E0	-5.540000000E2	3.200000000E2
1.204044444E0	-5.540000000E2	3.180000000E2
1.254000000E0	-5.500000000E2	3.120000000E2
1.304355556E0	-5.420000000E2	3.080000000E2
1.354433333E0	-5.400000000E2	3.070000000E2
1.404511111E0	-5.320000000E2	3.040000000E2
1.454588889E0	-5.280000000E2	3.110000000E2
1.504877778E0	-5.160000000E2	3.230000000E2
1.555044444E0	-5.040000000E2	3.390000000E2
1.605211111E0	-4.950000000E2	3.450000000E2
1.655377778E0	-4.910000000E2	3.570000000E2
1.705544444E0	-4.900000000E2	3.730000000E2
1.755711111E0	-4.860000000E2	3.770000000E2
1.805744444E0	-4.840000000E2	3.890000000E2
1.855900000E0	-4.810000000E2	3.870000000E2
1.906055556E0	-4.850000000E2	3.810000000E2
1.956022222E0	-4.820000000E2	3.780000000E2
2.006477778E0	-4.840000000E2	3.700000000E2
2.056644444E0	-4.900000000E2	3.630000000E2
2.106811111E0	-4.980000000E2	3.530000000E2
2.156977778E0	-5.040000000E2	3.500000000E2
2.207144444E0	-5.130000000E2	3.540000000E2
2.257188889E0	-5.250000000E2	3.550000000E2
2.307444444E0	-5.340000000E2	3.630000000E2
2.357300000E0	-5.340000000E2	3.680000000E2
2.407455556E0	-5.430000000E2	3.780000000E2
2.457822222E0	-5.460000000E2	3.850000000E2
2.507977778E0	-5.460000000E2	3.890000000E2
2.557933333E0	-5.520000000E2	3.970000000E2
2.608377778E0	-5.540000000E2	3.940000000E2
2.658644444E0	-5.530000000E2	4.010000000E2
2.708688889E0	-5.520000000E2	3.940000000E2
2.758866667E0	-5.460000000E2	4.040000000E2
2.809044444E0	-5.440000000E2	4.070000000E2
2.859111111E0	-5.350000000E2	4.050000000E2
