neck
t	x	y
0.000000000E0	-4.200000000E2	3.070000000E2
5.017777778E-2	-4.000000000E2	3.100000000E2
1.003555556E-1	-3.870000000E2	3.030000000E2
1.505333333E-1	-3.630000000E2	3.180000000E2
2.007111111E-1	-3.520000000E2	3.250000000E2
2.508888889E-1	-3.420000000E2	3.390000000E2
3.010666667E-1	-3.300000000E2	3.530000000E2
3.511111111E-1	-3.320000000E2	3.540000000E2
4.016222222E-1	-3.300000000E2	3.560000000E2
4.514444444E-1	-3.260000000E2	3.630000000E2
5.014888889E-1	-3.270000000E2	3.540000000E2
5.517444444E-1	-3.310000000E2	3.510000000E2
6.020000000E-1	-3.320000000E2	3.370000000E2
6.522555556E-1	-3.370000000E2	3.270000000E2
7.022222222E-1	-3.500000000E2	3.190000000E2
7.526888889E-1	-3.620000000E2	3.240000000E2
8.026555556E-1	-3.740000000E2	3.340000000E2
8.526222222E-1	-3.860000000E2	3.390000000E2
9.029000000E-1	-3.940000000E2	3.510000000E2
9.531777778E-1	-4.010000000E2	3.610000000E2
1.003255556E0	-4.040000000E2	3.680000000E2
1.053133333E0	-4.080000000E2	3.780000000E2
1.103533333E0	-4.170000000E2	3.810000000E2
1.153722222E0	-4.160000000E2	3.830000000E2
1.204044444E0	-4.180000000E2	3.800000000E2
1.254000000E0	-4.140000000E2	3.750000000E2
1.304355556E0	-4.090000000E2	3.690000000E2
1.354433333E0	-4.070000000E2	3.610000000E2
1.404511111E0	-3.940000000E2	3.590000000E2
1.454588889E0	-3.870000000E2	3.600000000E2
1.504877778E0	-3.780000000E2	3.670000000E2
1.555044444E0	-3.700000000E2	3.750000000E2
1.605211111E0	-3.620000000E2	3.800000000E2
1.655377778E0	-3.600000000E2	3.910000000E2
1.705544444E0	-3.510000000E2	4.050000000E2
1.755711111E0	-3.520000000E2	4.100000000E2
1.805744444E0	-3.510000000E2	4.080000000E2
1.855900000E0	-3.500000000E2	4.090000000E2
1.906055556E0	-3.500000000E2	4.070000000E2
1.956022222E0	-3.550000000E2	4.090000000E2
2.006477778E0	-3.560000000E2	3.970000000E2
2.056644444E0	-3.600000000E2	3.890000000E2
2.106811111E0	-3.700000000E2	3.820000000E2
2.156977778E0	-3.740000000E2	3.790000000E2
2.207144444E0	-3.920000000E2	3.870000000E2
2.257188889E0	-3.950000000E2	3.900000000E2
2.307444444E0	-4.060000000E2	3.980000000E2
2.357300000E0	-4.210000000E2	4.130000000E2
2.407455556E0	-4.230000000E2	4.170000000E2
2.457822222E0	-4.300000000E2	4.330000000E2
2.507977778E0	-4.380000000E2	4.400000000E2
2.557933333E0	-4.370000000E2	4.430000000E2
2.608377778E0	-4.400000000E2	4.480000000E2
2.658644444E0	-4.390000000E2	4.510000000E2
2.708688889E0	-4.350000000E2	4.490000000E2
2.758866667E0	-4.340000000E2	4.500000000E2
2.809044444E0	-4.270000000E2	4.550000000E2
2.859111111E0	-4.240000000E2	4.550000000E2
