rt_elbow
t	x	y
0.000000000E0	-2.016176471E2	1.954411765E1
5.017777778E-2	-1.936764706E2	1.001470588E1
1.003555556E-1	-1.857352941E2	5.250000000E0
1.505333333E-1	-1.777941176E2	9.220588235E0
2.007111111E-1	-1.682647059E2	1.080882353E1
2.508888889E-1	-1.571470588E2	1.636764706E1
3.010666667E-1	-1.523823529E2	2.113235294E1
3.511111111E-1	-1.507941176E2	3.066176471E1
4.016222222E-1	-1.507941176E2	4.257352941E1
4.514444444E-1	-1.492058824E2	4.177941176E1
5.014888889E-1	-1.460294118E2	4.177941176E1
5.517444444E-1	-1.492058824E2	3.939705882E1
6.020000000E-1	-1.523823529E2	3.542647059E1
6.522555556E-1	-1.539705882E2	2.907352941E1
7.022222222E-1	-1.682647059E2	2.907352941E1
7.526888889E-1	-1.785882353E2	3.860294118E1
8.026555556E-1	-1.881176471E2	5.925000000E1
8.526222222E-1	-1.936764706E2	7.672058824E1
9.029000000E-1	-2.016176471E2	9.339705882E1
9.531777778E-1	-2.063823529E2	1.037205882E2
1.003255556E0	-2.119411765E2	1.196029412E2
1.053133333E0	-2.135294118E2	1.315147059E2
1.103533333E0	-2.175000000E2	1.458088235E2
1.153722222E0	-2.246470588E2	1.450147059E2
1.204044444E0	-2.270294118E2	1.513676471E2
1.254000000E0	-2.278235294E2	1.418382353E2
1.304355556E0	-2.310000000E2	1.362794118E2
1.354433333E0	-2.278235294E2	1.275441176E2
1.404511111E0	-2.238529412E2	1.315147059E2
1.454588889E0	-2.238529412E2	1.315147059E2
1.504877778E0	-2.206764706E2	1.338970588E2
1.555044444E0	-2.159117647E2	1.426323529E2
1.605211111E0	-2.095588235E2	1.473970588E2
1.655377778E0	-2.071764706E2	1.561323529E2
1.705544444E0	-2.047941176E2	1.672500000E2
1.755711111E0	-2.024117647E2	1.704264706E2
1.805744444E0	-2.063823529E2	1.696323529E2
1.855900000E0	-2.047941176E2	1.688382353E2
1.906055556E0	-2.024117647E2	1.688382353E2
1.956022222E0	-2.079705882E2	1.632794118E2
2.006477778E0	-2.111470588E2	1.616911765E2
2.056644444E0	-2.175000000E2	1.569264706E2
2.106811111E0	-2.238529412E2	1.553382353E2
2.156977778E0	-2.333823529E2	1.561323529E2
2.207144444E0	-2.405294118E2	1.664558824E2
2.257188889E0	-2.476764706E2	1.815441176E2
2.307444444E0	-2.524411765E2	1.934558824E2
2.357300000E0	-2.603823529E2	2.077500000E2
2.407455556E0	-2.651470588E2	2.252205882E2
2.457822222E0	-2.667352941E2	2.347500000E2
2.507977778E0	-2.699117647E2	2.482500000E2
2.557933333E0	-2.715000000E2	2.585735294E2
2.608377778E0	-2.730882353E2	2.609558824E2
2.658644444E0	-2.715000000E2	2.617500000E2
2.708688889E0	-2.722941176E2	2.625441176E2
2.758866667E0	-2.683235294E2	2.625441176E2
2.809044444E0	-2.643529412E2	2.633382353E2
2.859111111E0	-2.627647059E2	2.577794118E2
