rt_foot
t	x	y
0.000000000E0	-3.870000000E2	-7.200000000E2
5.017777778E-2	-3.870000000E2	-7.200000000E2
1.003555556E-1	-3.810000000E2	-7.260000000E2
1.505333333E-1	-3.810000000E2	-7.260000000E2
2.007111111E-1	-3.730000000E2	-7.360000000E2
2.508888889E-1	-3.730000000E2	-7.360000000E2
3.010666667E-1	-3.760000000E2	-7.370000000E2
3.511111111E-1	-3.770000000E2	-7.370000000E2
4.016222222E-1	-3.770000000E2	-7.370000000E2
4.514444444E-1	-3.800000000E2	-7.420000000E2
5.014888889E-1	-3.820000000E2	-7.490000000E2
5.517444444E-1	-3.830000000E2	-7.450000000E2
6.020000000E-1	-3.830000000E2	-7.450000000E2
6.522555556E-1	-3.850000000E2	-7.360000000E2
7.022222222E-1	-3.850000000E2	-7.280000000E2
7.526888889E-1	-3.820000000E2	-7.120000000E2
8.026555556E-1	-3.730000000E2	-6.830000000E2
8.526222222E-1	-3.640000000E2	-6.520000000E2
9.029000000E-1	-3.640000000E2	-6.030000000E2
9.531777778E-1	-3.700000000E2	-5.370000000E2
1.003255556E0	-3.660000000E2	-4.670000000E2
1.053133333E0	-3.630000000E2	-4.190000000E2
1.103533333E0	-3.580000000E2	-3.850000000E2
1.153722222E0	-3.580000000E2	-3.850000000E2
1.204044444E0	-3.550000000E2	-4.060000000E2
1.254000000E0	-3.630000000E2	-4.230000000E2
1.304355556E0	-3.690000000E2	-4.370000000E2
1.354433333E0	-3.700000000E2	-4.470000000E2
1.404511111E0	-3.740000000E2	-4.550000000E2
1.454588889E0	-3.740000000E2	-4.550000000E2
1.504877778E0	-3.700000000E2	-4.550000000E2
1.555044444E0	-3.700000000E2	-4.550000000E2
1.605211111E0	-3.700000000E2	-4.550000000E2
1.655377778E0	-3.700000000E2	-4.550000000E2
1.705544444E0	-3.700000000E2	-4.550000000E2
1.755711111E0	-3.760000000E2	-4.550000000E2
1.805744444E0	-3.760000000E2	-4.550000000E2
1.855900000E0	-3.760000000E2	-4.550000000E2
1.906055556E0	-3.760000000E2	-4.550000000E2
1.956022222E0	-3.760000000E2	-4.590000000E2
2.006477778E0	-3.760000000E2	-4.590000000E2
2.056644444E0	-3.810000000E2	-4.520000000E2
2.106811111E0	-3.800000000E2	-4.490000000E2
2.156977778E0	-3.790000000E2	-4.440000000E2
2.207144444E0	-3.770000000E2	-4.310000000E2
2.257188889E0	-3.770000000E2	-4.120000000E2
2.307444444E0	-3.730000000E2	-3.910000000E2
2.357300000E0	-3.770000000E2	-3.610000000E2
2.407455556E0	-3.910000000E2	-3.310000000E2
2.457822222E0	-3.910000000E2	-2.970000000E2
2.507977778E0	-3.940000000E2	-2.710000000E2
2.557933333E0	-3.950000000E2	-2.570000000E2
2.608377778E0	-3.890000000E2	-2.730000000E2
2.658644444E0	-3.810000000E2	-2.890000000E2
2.708688889E0	-3.750000000E2	-3.170000000E2
2.758866667E0	-3.710000000E2	-3.300000000E2
2.809044444E0	-3.630000000E2	-3.410000000E2
2.859111111E0	-3.690000000E2	-3.430000000E2
