rt_hand
t	x	y
0.000000000E0	-2.159117647E2	-1.885147059E2
5.017777778E-2	-2.111470588E2	-1.916911765E2
1.003555556E-1	-2.063823529E2	-1.908970588E2
1.505333333E-1	-2.024117647E2	-1.821617647E2
2.007111111E-1	-1.928823529E2	-1.758088235E2
2.508888889E-1	-1.857352941E2	-1.654852941E2
3.010666667E-1	-1.849411765E2	-1.567500000E2
3.511111111E-1	-1.841470588E2	-1.456323529E2
4.016222222E-1	-1.857352941E2	-1.329264706E2
4.514444444E-1	-1.889117647E2	-1.249852941E2
5.014888889E-1	-1.889117647E2	-1.265735294E2
5.517444444E-1	-1.912941176E2	-1.265735294E2
6.020000000E-1	-1.952647059E2	-1.329264706E2
6.522555556E-1	-1.960588235E2	-1.337205882E2
7.022222222E-1	-2.040000000E2	-1.345147059E2
7.526888889E-1	-2.079705882E2	-1.241911765E2
8.026555556E-1	-2.143235294E2	-1.130735294E2
8.526222222E-1	-2.143235294E2	-8.845588235E1
9.029000000E-1	-2.198823529E2	-7.416176471E1
9.531777778E-1	-2.254411765E2	-5.986764706E1
1.003255556E0	-2.262352941E2	-4.716176471E1
1.053133333E0	-2.286176471E2	-3.286764706E1
1.103533333E0	-2.278235294E2	-2.333823529E1
1.153722222E0	-2.302058824E2	-1.777941176E1
1.204044444E0	-2.365588235E2	-1.698529412E1
1.254000000E0	-2.373529412E2	-2.175000000E1
1.304355556E0	-2.357647059E2	-2.651470588E1
1.354433333E0	-2.397352941E2	-2.651470588E1
1.404511111E0	-2.365588235E2	-3.286764706E1
1.454588889E0	-2.381470588E2	-2.810294118E1
1.504877778E0	-2.349705882E2	-1.777941176E1
1.555044444E0	-2.325882353E2	-1.063235294E1
1.605211111E0	-2.302058824E2	4.852941176E-1
1.655377778E0	-2.278235294E2	6.838235294E0
1.705544444E0	-2.270294118E2	1.636764706E1
1.755711111E0	-2.302058824E2	2.351470588E1
1.805744444E0	-2.302058824E2	2.669117647E1
1.855900000E0	-2.317941176E2	2.748529412E1
1.906055556E0	-2.349705882E2	2.827941176E1
1.956022222E0	-2.373529412E2	2.272058824E1
2.006477778E0	-2.413235294E2	2.430882353E1
2.056644444E0	-2.452941176E2	1.954411765E1
2.106811111E0	-2.492647059E2	1.954411765E1
2.156977778E0	-2.572058824E2	2.192647059E1
2.207144444E0	-2.619705882E2	2.986764706E1
2.257188889E0	-2.659411765E2	3.860294118E1
2.307444444E0	-2.715000000E2	5.925000000E1
2.357300000E0	-2.794411765E2	7.354411765E1
2.407455556E0	-2.794411765E2	8.466176471E1
2.457822222E0	-2.802352941E2	9.895588235E1
2.507977778E0	-2.810294118E2	1.100735294E2
2.557933333E0	-2.810294118E2	1.196029412E2
2.608377778E0	-2.818235294E2	1.235735294E2
2.658644444E0	-2.802352941E2	1.259558824E2
2.708688889E0	-2.770588235E2	1.275441176E2
2.758866667E0	-2.746764706E2	1.275441176E2
2.809044444E0	-2.754705882E2	1.235735294E2
2.859111111E0	-2.738823529E2	1.211911765E2
