rt_hip
t	x	y
0.000000000E0	-2.620000000E2	-1.610000000E2
5.017777778E-2	-2.560000000E2	-1.650000000E2
1.003555556E-1	-2.570000000E2	-1.580000000E2
1.505333333E-1	-2.550000000E2	-1.450000000E2
2.007111111E-1	-2.560000000E2	-1.450000000E2
2.508888889E-1	-2.580000000E2	-1.350000000E2
3.010666667E-1	-2.570000000E2	-1.190000000E2
3.511111111E-1	-2.650000000E2	-1.120000000E2
4.016222222E-1	-2.660000000E2	-1.060000000E2
4.514444444E-1	-2.700000000E2	-9.500000000E1
5.014888889E-1	-2.750000000E2	-9.500000000E1
5.517444444E-1	-2.750000000E2	-9.300000000E1
6.020000000E-1	-2.740000000E2	-1.010000000E2
6.522555556E-1	-2.780000000E2	-1.050000000E2
7.022222222E-1	-2.760000000E2	-1.070000000E2
7.526888889E-1	-2.780000000E2	-9.900000000E1
8.026555556E-1	-2.790000000E2	-8.500000000E1
8.526222222E-1	-2.850000000E2	-6.700000000E1
9.029000000E-1	-2.830000000E2	-5.800000000E1
9.531777778E-1	-2.820000000E2	-4.900000000E1
1.003255556E0	-2.830000000E2	-3.100000000E1
1.053133333E0	-2.810000000E2	-2.200000000E1
1.103533333E0	-2.790000000E2	-6.000000000E0
1.153722222E0	-2.750000000E2	4.000000000E0
1.204044444E0	-2.730000000E2	1.100000000E1
1.254000000E0	-2.810000000E2	-6.000000000E0
1.304355556E0	-2.750000000E2	-6.000000000E0
1.354433333E0	-2.780000000E2	-1.300000000E1
1.404511111E0	-2.780000000E2	-1.300000000E1
1.454588889E0	-2.750000000E2	-3.000000000E0
1.504877778E0	-2.720000000E2	6.000000000E0
1.555044444E0	-2.730000000E2	1.400000000E1
1.605211111E0	-2.770000000E2	2.000000000E1
1.655377778E0	-2.820000000E2	3.200000000E1
1.705544444E0	-2.810000000E2	3.700000000E1
1.755711111E0	-2.820000000E2	5.100000000E1
1.805744444E0	-2.890000000E2	4.900000000E1
1.855900000E0	-2.940000000E2	4.600000000E1
1.906055556E0	-2.990000000E2	4.600000000E1
1.956022222E0	-3.010000000E2	5.000000000E1
2.006477778E0	-3.010000000E2	4.200000000E1
2.056644444E0	-3.000000000E2	4.000000000E1
2.106811111E0	-3.050000000E2	4.000000000E1
2.156977778E0	-3.070000000E2	4.400000000E1
2.207144444E0	-3.140000000E2	5.100000000E1
2.257188889E0	-3.160000000E2	6.000000000E1
2.307444444E0	-3.160000000E2	7.300000000E1
2.357300000E0	-3.190000000E2	8.800000000E1
2.407455556E0	-3.180000000E2	1.010000000E2
2.457822222E0	-3.210000000E2	1.180000000E2
2.507977778E0	-3.210000000E2	1.220000000E2
2.557933333E0	-3.190000000E2	1.270000000E2
2.608377778E0	-3.170000000E2	1.320000000E2
2.658644444E0	-3.190000000E2	1.340000000E2
2.708688889E0	-3.190000000E2	1.330000000E2
2.758866667E0	-3.130000000E2	1.340000000E2
2.809044444E0	-3.080000000E2	1.380000000E2
2.859111111E0	-3.100000000E2	1.320000000E2
