rt_knee
t	x	y
0.000000000E0	-2.910000000E2	-4.090000000E2
5.017777778E-2	-2.950000000E2	-4.170000000E2
1.003555556E-1	-2.950000000E2	-4.170000000E2
1.505333333E-1	-2.940000000E2	-4.220000000E2
2.007111111E-1	-2.930000000E2	-4.210000000E2
2.508888889E-1	-2.910000000E2	-4.190000000E2
3.010666667E-1	-2.960000000E2	-4.150000000E2
3.511111111E-1	-3.040000000E2	-4.060000000E2
4.016222222E-1	-3.110000000E2	-4.010000000E2
4.514444444E-1	-3.230000000E2	-4.000000000E2
5.014888889E-1	-3.300000000E2	-3.960000000E2
5.517444444E-1	-3.340000000E2	-3.970000000E2
6.020000000E-1	-3.390000000E2	-3.970000000E2
6.522555556E-1	-3.390000000E2	-3.970000000E2
7.022222222E-1	-3.370000000E2	-3.880000000E2
7.526888889E-1	-3.330000000E2	-3.830000000E2
8.026555556E-1	-3.240000000E2	-3.670000000E2
8.526222222E-1	-3.150000000E2	-3.480000000E2
9.029000000E-1	-3.030000000E2	-3.290000000E2
9.531777778E-1	-2.990000000E2	-3.020000000E2
1.003255556E0	-2.960000000E2	-2.800000000E2
1.053133333E0	-2.930000000E2	-2.450000000E2
1.103533333E0	-2.910000000E2	-2.210000000E2
1.153722222E0	-2.900000000E2	-2.010000000E2
1.204044444E0	-2.890000000E2	-1.940000000E2
1.254000000E0	-2.910000000E2	-1.970000000E2
1.304355556E0	-2.970000000E2	-2.100000000E2
1.354433333E0	-2.990000000E2	-2.210000000E2
1.404511111E0	-3.040000000E2	-2.270000000E2
1.454588889E0	-3.040000000E2	-2.270000000E2
1.504877778E0	-3.070000000E2	-2.260000000E2
1.555044444E0	-3.070000000E2	-2.210000000E2
1.605211111E0	-3.070000000E2	-2.190000000E2
1.655377778E0	-3.090000000E2	-2.130000000E2
1.705544444E0	-3.150000000E2	-2.050000000E2
1.755711111E0	-3.250000000E2	-2.000000000E2
1.805744444E0	-3.290000000E2	-1.960000000E2
1.855900000E0	-3.380000000E2	-1.910000000E2
1.906055556E0	-3.400000000E2	-1.890000000E2
1.956022222E0	-3.480000000E2	-1.870000000E2
2.006477778E0	-3.480000000E2	-1.870000000E2
2.056644444E0	-3.480000000E2	-1.890000000E2
2.106811111E0	-3.480000000E2	-1.890000000E2
2.156977778E0	-3.500000000E2	-1.810000000E2
2.207144444E0	-3.500000000E2	-1.710000000E2
2.257188889E0	-3.500000000E2	-1.640000000E2
2.307444444E0	-3.470000000E2	-1.500000000E2
2.357300000E0	-3.400000000E2	-1.290000000E2
2.407455556E0	-3.370000000E2	-1.200000000E2
2.457822222E0	-3.370000000E2	-1.130000000E2
2.507977778E0	-3.340000000E2	-9.500000000E1
2.557933333E0	-3.310000000E2	-8.500000000E1
2.608377778E0	-3.330000000E2	-8.500000000E1
2.658644444E0	-3.330000000E2	-8.500000000E1
2.708688889E0	-3.370000000E2	-9.000000000E1
2.758866667E0	-3.370000000E2	-9.000000000E1
2.809044444E0	-3.370000000E2	-9.600000000E1
2.859111111E0	-3.370000000E2	-9.600000000E1
