rt_shoulder
t	x	y
0.000000000E0	-2.460000000E2	2.600000000E2
5.017777778E-2	-2.330000000E2	2.530000000E2
1.003555556E-1	-2.190000000E2	2.470000000E2
1.505333333E-1	-2.060000000E2	2.500000000E2
2.007111111E-1	-1.930000000E2	2.570000000E2
2.508888889E-1	-1.860000000E2	2.630000000E2
3.010666667E-1	-1.810000000E2	2.690000000E2
3.511111111E-1	-1.780000000E2	2.750000000E2
4.016222222E-1	-1.780000000E2	2.810000000E2
4.514444444E-1	-1.780000000E2	2.890000000E2
5.014888889E-1	-1.780000000E2	2.810000000E2
5.517444444E-1	-1.820000000E2	2.790000000E2
6.020000000E-1	-1.850000000E2	2.690000000E2
6.522555556E-1	-1.950000000E2	2.630000000E2
7.022222222E-1	-2.080000000E2	2.630000000E2
7.526888889E-1	-2.180000000E2	2.630000000E2
8.026555556E-1	-2.230000000E2	2.720000000E2
8.526222222E-1	-2.400000000E2	2.870000000E2
9.029000000E-1	-2.460000000E2	2.950000000E2
9.531777778E-1	-2.540000000E2	3.120000000E2
1.003255556E0	-2.620000000E2	3.220000000E2
1.053133333E0	-2.620000000E2	3.330000000E2
1.103533333E0	-2.700000000E2	3.420000000E2
1.153722222E0	-2.700000000E2	3.460000000E2
1.204044444E0	-2.720000000E2	3.370000000E2
1.254000000E0	-2.740000000E2	3.340000000E2
1.304355556E0	-2.710000000E2	3.270000000E2
1.354433333E0	-2.660000000E2	3.250000000E2
1.404511111E0	-2.600000000E2	3.190000000E2
1.454588889E0	-2.570000000E2	3.150000000E2
1.504877778E0	-2.480000000E2	3.210000000E2
1.555044444E0	-2.440000000E2	3.260000000E2
1.605211111E0	-2.380000000E2	3.350000000E2
1.655377778E0	-2.320000000E2	3.420000000E2
1.705544444E0	-2.320000000E2	3.490000000E2
1.755711111E0	-2.240000000E2	3.540000000E2
1.805744444E0	-2.260000000E2	3.620000000E2
1.855900000E0	-2.270000000E2	3.590000000E2
1.906055556E0	-2.320000000E2	3.580000000E2
1.956022222E0	-2.290000000E2	3.550000000E2
2.006477778E0	-2.410000000E2	3.430000000E2
2.056644444E0	-2.450000000E2	3.370000000E2
2.106811111E0	-2.520000000E2	3.370000000E2
2.156977778E0	-2.640000000E2	3.330000000E2
2.207144444E0	-2.720000000E2	3.370000000E2
2.257188889E0	-2.820000000E2	3.470000000E2
2.307444444E0	-2.960000000E2	3.590000000E2
2.357300000E0	-3.020000000E2	3.750000000E2
2.407455556E0	-3.060000000E2	3.830000000E2
2.457822222E0	-3.120000000E2	3.960000000E2
2.507977778E0	-3.170000000E2	4.120000000E2
2.557933333E0	-3.200000000E2	4.170000000E2
2.608377778E0	-3.250000000E2	4.240000000E2
2.658644444E0	-3.240000000E2	4.290000000E2
2.708688889E0	-3.220000000E2	4.240000000E2
2.758866667E0	-3.180000000E2	4.250000000E2
2.809044444E0	-3.070000000E2	4.270000000E2
2.859111111E0	-3.040000000E2	4.260000000E2
