waist
t	x	y
0.000000000E0	-3.790000000E2	-1.160000000E2
5.017777778E-2	-3.760000000E2	-1.210000000E2
1.003555556E-1	-3.730000000E2	-1.110000000E2
1.505333333E-1	-3.730000000E2	-1.020000000E2
2.007111111E-1	-3.720000000E2	-8.800000000E1
2.508888889E-1	-3.730000000E2	-8.200000000E1
3.010666667E-1	-3.760000000E2	-6.600000000E1
3.511111111E-1	-3.820000000E2	-5.600000000E1
4.016222222E-1	-3.830000000E2	-3.500000000E1
4.514444444E-1	-3.870000000E2	-3.600000000E1
5.014888889E-1	-3.860000000E2	-3.200000000E1
5.517444444E-1	-3.850000000E2	-3.700000000E1
6.020000000E-1	-3.850000000E2	-3.900000000E1
6.522555556E-1	-3.830000000E2	-4.700000000E1
7.022222222E-1	-3.850000000E2	-4.800000000E1
7.526888889E-1	-3.830000000E2	-4.300000000E1
8.026555556E-1	-3.840000000E2	-3.100000000E1
8.526222222E-1	-3.870000000E2	-1.700000000E1
9.029000000E-1	-3.880000000E2	-2.000000000E0
9.531777778E-1	-3.820000000E2	8.000000000E0
1.003255556E0	-3.790000000E2	2.000000000E1
1.053133333E0	-3.790000000E2	3.200000000E1
1.103533333E0	-3.770000000E2	4.200000000E1
1.153722222E0	-3.730000000E2	4.500000000E1
1.204044444E0	-3.690000000E2	4.500000000E1
1.254000000E0	-3.650000000E2	4.500000000E1
1.304355556E0	-3.650000000E2	3.900000000E1
1.354433333E0	-3.660000000E2	3.600000000E1
1.404511111E0	-3.640000000E2	3.400000000E1
1.454588889E0	-3.640000000E2	4.200000000E1
1.504877778E0	-3.630000000E2	5.000000000E1
1.555044444E0	-3.630000000E2	6.100000000E1
1.605211111E0	-3.650000000E2	7.300000000E1
1.655377778E0	-3.680000000E2	8.500000000E1
1.705544444E0	-3.730000000E2	9.100000000E1
1.755711111E0	-3.770000000E2	1.010000000E2
1.805744444E0	-3.810000000E2	1.080000000E2
1.855900000E0	-3.810000000E2	1.100000000E2
1.906055556E0	-3.860000000E2	1.060000000E2
1.956022222E0	-3.870000000E2	1.030000000E2
2.006477778E0	-3.870000000E2	1.000000000E2
2.056644444E0	-3.860000000E2	9.600000000E1
2.106811111E0	-3.880000000E2	9.400000000E1
2.156977778E0	-3.910000000E2	9.600000000E1
2.207144444E0	-3.940000000E2	1.030000000E2
2.257188889E0	-3.960000000E2	1.150000000E2
2.307444444E0	-4.010000000E2	1.250000000E2
2.357300000E0	-4.000000000E2	1.410000000E2
2.407455556E0	-4.010000000E2	1.520000000E2
2.457822222E0	-4.020000000E2	1.630000000E2
2.507977778E0	-4.000000000E2	1.700000000E2
2.557933333E0	-4.010000000E2	1.760000000E2
2.608377778E0	-4.010000000E2	1.800000000E2
2.658644444E0	-4.000000000E2	1.800000000E2
2.708688889E0	-3.990000000E2	1.800000000E2
2.758866667E0	-3.990000000E2	1.840000000E2
2.809044444E0	-3.890000000E2	1.800000000E2
2.859111111E0	-3.890000000E2	1.820000000E2
