lt_leg
t	x	y
0.000000000E0	-5.174514039E2	-1.355118790E3
5.057777778E-2	-5.190000000E2	-1.348000000E3
1.007333333E-1	-5.230000000E2	-1.303000000E3
1.507777778E-1	-5.180000000E2	-1.231000000E3
2.008222222E-1	-5.150000000E2	-1.138000000E3
2.510111111E-1	-5.050000000E2	-1.001000000E3
3.009777778E-1	-4.960000000E2	-8.670000000E2
3.515444444E-1	-4.910000000E2	-7.620000000E2
4.015777778E-1	-4.860000000E2	-7.030000000E2
4.518666667E-1	-4.790000000E2	-6.850000000E2
5.016000000E-1	-4.810000000E2	-7.160000000E2
5.517666667E-1	-4.930000000E2	-7.430000000E2
6.021555556E-1	-4.920000000E2	-7.720000000E2
6.525444444E-1	-4.910000000E2	-7.910000000E2
7.024555556E-1	-4.900000000E2	-7.940000000E2
7.528333333E-1	-4.910000000E2	-8.030000000E2
8.027777778E-1	-4.910000000E2	-8.030000000E2
8.530333333E-1	-4.910000000E2	-8.030000000E2
9.031777778E-1	-4.900000000E2	-8.040000000E2
9.533222222E-1	-4.830000000E2	-8.080000000E2
1.003466667E0	-4.830000000E2	-8.080000000E2
1.053822222E0	-4.810000000E2	-8.140000000E2
1.103733333E0	-4.810000000E2	-8.140000000E2
1.154111111E0	-4.810000000E2	-8.080000000E2
1.204200000E0	-4.810000000E2	-7.960000000E2
1.254000000E0	-4.850000000E2	-7.650000000E2
1.304600000E0	-4.880000000E2	-7.410000000E2
1.354766667E0	-4.910000000E2	-6.940000000E2
1.404711111E0	-4.940000000E2	-6.050000000E2
1.455066667E0	-4.970000000E2	-5.200000000E2
1.505055556E0	-4.900000000E2	-4.430000000E2
1.555244444E0	-4.920000000E2	-3.940000000E2
1.605555556E0	-4.850000000E2	-3.880000000E2
1.655511111E0	-4.750000000E2	-4.110000000E2
1.705877778E0	-4.690000000E2	-4.380000000E2
1.755922222E0	-4.600000000E2	-4.670000000E2
1.806088889E0	-4.550000000E2	-4.790000000E2
1.856144444E0	-4.550000000E2	-4.800000000E2
1.906200000E0	-4.530000000E2	-4.860000000E2
1.956511111E0	-4.510000000E2	-4.820000000E2
2.006400000E0	-4.530000000E2	-4.900000000E2
2.056755556E0	-4.530000000E2	-4.830000000E2
2.106911111E0	-4.520000000E2	-4.880000000E2
2.157066667E0	-4.510000000E2	-4.880000000E2
2.207222222E0	-4.490000000E2	-4.880000000E2
2.257377778E0	-4.490000000E2	-4.880000000E2
2.307644444E0	-4.470000000E2	-4.910000000E2
2.357911111E0	-4.510000000E2	-4.860000000E2
2.407944444E0	-4.510000000E2	-4.770000000E2
2.458255556E0	-4.510000000E2	-4.670000000E2
2.508122222E0	-4.530000000E2	-4.390000000E2
2.558144444E0	-4.540000000E2	-3.950000000E2
2.608644444E0	-4.570000000E2	-3.320000000E2
2.658877778E0	-4.540000000E2	-2.710000000E2
2.709111111E0	-4.580000000E2	-2.160000000E2
2.759044444E0	-4.610000000E2	-1.880000000E2
2.809177778E0	-4.580000000E2	-2.000000000E2
