lt_hand
t	x	y
0.000000000E0	-6.700000000E2	-3.760000000E2
5.057777778E-2	-6.560000000E2	-3.720000000E2
1.007333333E-1	-6.520000000E2	-3.540000000E2
1.507777778E-1	-6.520000000E2	-3.380000000E2
2.008222222E-1	-6.460000000E2	-3.220000000E2
2.510111111E-1	-6.440000000E2	-2.940000000E2
3.009777778E-1	-6.560000000E2	-2.720000000E2
3.515444444E-1	-6.560000000E2	-2.540000000E2
4.015777778E-1	-6.740000000E2	-2.460000000E2
4.518666667E-1	-6.840000000E2	-2.420000000E2
5.016000000E-1	-6.960000000E2	-2.420000000E2
5.517666667E-1	-6.960000000E2	-2.420000000E2
6.021555556E-1	-7.040000000E2	-2.440000000E2
6.525444444E-1	-7.040000000E2	-2.440000000E2
7.024555556E-1	-6.960000000E2	-2.360000000E2
7.528333333E-1	-6.820000000E2	-2.260000000E2
8.027777778E-1	-6.800000000E2	-2.140000000E2
8.530333333E-1	-6.660000000E2	-1.900000000E2
9.031777778E-1	-6.600000000E2	-1.780000000E2
9.533222222E-1	-6.440000000E2	-1.580000000E2
1.003466667E0	-6.340000000E2	-1.420000000E2
1.053822222E0	-6.160000000E2	-1.300000000E2
1.103733333E0	-6.100000000E2	-1.300000000E2
1.154111111E0	-5.980000000E2	-1.300000000E2
1.204200000E0	-5.980000000E2	-1.300000000E2
1.254000000E0	-5.980000000E2	-1.360000000E2
1.304600000E0	-6.060000000E2	-1.220000000E2
1.354766667E0	-6.060000000E2	-1.060000000E2
1.404711111E0	-6.160000000E2	-9.200000000E1
1.455066667E0	-6.220000000E2	-7.200000000E1
1.505055556E0	-6.280000000E2	-5.000000000E1
1.555244444E0	-6.280000000E2	-3.800000000E1
1.605555556E0	-6.340000000E2	-2.600000000E1
1.655511111E0	-6.440000000E2	-2.600000000E1
1.705877778E0	-6.440000000E2	-3.800000000E1
1.755922222E0	-6.440000000E2	-3.800000000E1
1.806088889E0	-6.440000000E2	-4.600000000E1
1.856144444E0	-6.360000000E2	-4.600000000E1
1.906200000E0	-6.260000000E2	-4.200000000E1
1.956511111E0	-6.180000000E2	-3.200000000E1
2.006400000E0	-6.040000000E2	-1.800000000E1
2.056755556E0	-6.000000000E2	-8.000000000E0
2.106911111E0	-5.860000000E2	2.000000000E0
2.157066667E0	-5.840000000E2	1.000000000E1
2.207222222E0	-5.760000000E2	1.600000000E1
2.257377778E0	-5.700000000E2	2.400000000E1
2.307644444E0	-5.600000000E2	1.600000000E1
2.357911111E0	-5.540000000E2	2.400000000E1
2.407944444E0	-5.520000000E2	4.000000000E0
2.458255556E0	-5.520000000E2	1.200000000E1
2.508122222E0	-5.660000000E2	1.400000000E1
2.558144444E0	-5.680000000E2	3.200000000E1
2.608644444E0	-5.680000000E2	5.000000000E1
2.658877778E0	-5.740000000E2	7.200000000E1
2.709111111E0	-5.800000000E2	8.600000000E1
2.759044444E0	-5.800000000E2	9.600000000E1
2.809177778E0	-5.820000000E2	1.040000000E2
