lt_knee
t	x	y
0.000000000E0	-5.450000000E2	-9.150000000E2
5.057777778E-2	-5.390000000E2	-8.880000000E2
1.007333333E-1	-5.310000000E2	-8.610000000E2
1.507777778E-1	-5.300000000E2	-8.060000000E2
2.008222222E-1	-5.290000000E2	-7.560000000E2
2.510111111E-1	-5.300000000E2	-6.890000000E2
3.009777778E-1	-5.270000000E2	-6.280000000E2
3.515444444E-1	-5.290000000E2	-5.600000000E2
4.015777778E-1	-5.280000000E2	-5.420000000E2
4.518666667E-1	-5.220000000E2	-4.780000000E2
5.016000000E-1	-5.240000000E2	-4.780000000E2
5.517666667E-1	-5.180000000E2	-4.820000000E2
6.021555556E-1	-5.200000000E2	-5.160000000E2
6.525444444E-1	-5.200000000E2	-5.160000000E2
7.024555556E-1	-5.240000000E2	-5.300000000E2
7.528333333E-1	-5.240000000E2	-5.260000000E2
8.027777778E-1	-5.240000000E2	-5.240000000E2
8.530333333E-1	-5.240000000E2	-5.140000000E2
9.031777778E-1	-5.200000000E2	-5.060000000E2
9.533222222E-1	-5.120000000E2	-5.040000000E2
1.003466667E0	-5.120000000E2	-5.020000000E2
1.053822222E0	-5.100000000E2	-4.980000000E2
1.103733333E0	-4.980000000E2	-5.020000000E2
1.154111111E0	-4.980000000E2	-5.020000000E2
1.204200000E0	-4.980000000E2	-4.980000000E2
1.254000000E0	-4.960000000E2	-4.780000000E2
1.304600000E0	-5.060000000E2	-4.540000000E2
1.354766667E0	-5.080000000E2	-4.300000000E2
1.404711111E0	-5.100000000E2	-4.020000000E2
1.455066667E0	-5.120000000E2	-3.600000000E2
1.505055556E0	-5.120000000E2	-3.140000000E2
1.555244444E0	-5.160000000E2	-2.660000000E2
1.605555556E0	-5.120000000E2	-2.520000000E2
1.655511111E0	-5.000000000E2	-2.520000000E2
1.705877778E0	-5.000000000E2	-2.520000000E2
1.755922222E0	-4.980000000E2	-2.780000000E2
1.806088889E0	-4.860000000E2	-2.860000000E2
1.856144444E0	-4.840000000E2	-2.940000000E2
1.906200000E0	-4.880000000E2	-2.860000000E2
1.956511111E0	-4.880000000E2	-2.860000000E2
2.006400000E0	-4.880000000E2	-2.780000000E2
2.056755556E0	-4.840000000E2	-2.700000000E2
2.106911111E0	-4.840000000E2	-2.700000000E2
2.157066667E0	-4.820000000E2	-2.540000000E2
2.207222222E0	-4.720000000E2	-2.540000000E2
2.257377778E0	-4.720000000E2	-2.540000000E2
2.307644444E0	-4.720000000E2	-2.540000000E2
2.357911111E0	-4.720000000E2	-2.540000000E2
2.407944444E0	-4.720000000E2	-2.540000000E2
2.458255556E0	-4.680000000E2	-2.420000000E2
2.508122222E0	-4.680000000E2	-2.320000000E2
2.558144444E0	-4.800000000E2	-2.180000000E2
2.608644444E0	-4.760000000E2	-1.860000000E2
2.658877778E0	-4.840000000E2	-1.520000000E2
2.709111111E0	-4.840000000E2	-1.300000000E2
2.759044444E0	-4.840000000E2	-9.400000000E1
2.809177778E0	-4.840000000E2	-8.800000000E1
