lt_shoulder
t	x	y
0.000000000E0	-7.120000000E2	1.420000000E2
5.057777778E-2	-6.920000000E2	1.500000000E2
1.007333333E-1	-6.740000000E2	1.700000000E2
1.507777778E-1	-6.580000000E2	1.980000000E2
2.008222222E-1	-6.400000000E2	2.280000000E2
2.510111111E-1	-6.360000000E2	2.540000000E2
3.009777778E-1	-6.240000000E2	2.820000000E2
3.515444444E-1	-6.240000000E2	2.900000000E2
4.015777778E-1	-6.160000000E2	3.000000000E2
4.518666667E-1	-6.160000000E2	2.900000000E2
5.016000000E-1	-6.160000000E2	2.740000000E2
5.517666667E-1	-6.140000000E2	2.620000000E2
6.021555556E-1	-6.140000000E2	2.500000000E2
6.525444444E-1	-6.240000000E2	2.400000000E2
7.024555556E-1	-6.320000000E2	2.440000000E2
7.528333333E-1	-6.380000000E2	2.580000000E2
8.027777778E-1	-6.460000000E2	2.680000000E2
8.530333333E-1	-6.480000000E2	2.820000000E2
9.031777778E-1	-6.480000000E2	2.920000000E2
9.533222222E-1	-6.480000000E2	2.980000000E2
1.003466667E0	-6.400000000E2	3.000000000E2
1.053822222E0	-6.400000000E2	3.000000000E2
1.103733333E0	-6.400000000E2	2.800000000E2
1.154111111E0	-6.320000000E2	2.760000000E2
1.204200000E0	-6.160000000E2	2.700000000E2
1.254000000E0	-6.120000000E2	2.680000000E2
1.304600000E0	-6.000000000E2	2.820000000E2
1.354766667E0	-5.920000000E2	2.940000000E2
1.404711111E0	-5.840000000E2	3.160000000E2
1.455066667E0	-5.760000000E2	3.320000000E2
1.505055556E0	-5.760000000E2	3.520000000E2
1.555244444E0	-5.760000000E2	3.520000000E2
1.605555556E0	-5.740000000E2	3.620000000E2
1.655511111E0	-5.740000000E2	3.460000000E2
1.705877778E0	-5.740000000E2	3.320000000E2
1.755922222E0	-5.740000000E2	3.220000000E2
1.806088889E0	-5.740000000E2	3.140000000E2
1.856144444E0	-5.840000000E2	3.120000000E2
1.906200000E0	-5.860000000E2	3.180000000E2
1.956511111E0	-5.860000000E2	3.300000000E2
2.006400000E0	-5.880000000E2	3.400000000E2
2.056755556E0	-5.880000000E2	3.520000000E2
2.106911111E0	-5.880000000E2	3.620000000E2
2.157066667E0	-5.880000000E2	3.700000000E2
2.207222222E0	-5.880000000E2	3.700000000E2
2.257377778E0	-5.820000000E2	3.620000000E2
2.307644444E0	-5.800000000E2	3.500000000E2
2.357911111E0	-5.680000000E2	3.420000000E2
2.407944444E0	-5.580000000E2	3.420000000E2
2.458255556E0	-5.560000000E2	3.500000000E2
2.508122222E0	-5.440000000E2	3.620000000E2
2.558144444E0	-5.440000000E2	3.820000000E2
2.608644444E0	-5.400000000E2	3.920000000E2
2.658877778E0	-5.380000000E2	4.100000000E2
2.709111111E0	-5.320000000E2	4.220000000E2
2.759044444E0	-5.320000000E2	4.220000000E2
2.809177778E0	-5.320000000E2	4.220000000E2
