rt_elbow
t	x	y
0.000000000E0	-1.800000000E2	-1.420000000E2
5.057777778E-2	-1.640000000E2	-1.380000000E2
1.007333333E-1	-1.480000000E2	-1.260000000E2
1.507777778E-1	-1.440000000E2	-1.140000000E2
2.008222222E-1	-1.340000000E2	-9.000000000E1
2.510111111E-1	-1.280000000E2	-7.200000000E1
3.009777778E-1	-1.180000000E2	-6.000000000E1
3.515444444E-1	-1.180000000E2	-4.200000000E1
4.015777778E-1	-1.160000000E2	-3.000000000E1
4.518666667E-1	-1.160000000E2	-3.000000000E1
5.016000000E-1	-1.160000000E2	-3.000000000E1
5.517666667E-1	-1.140000000E2	-4.200000000E1
6.021555556E-1	-1.160000000E2	-4.200000000E1
6.525444444E-1	-1.320000000E2	-3.800000000E1
7.024555556E-1	-1.560000000E2	-1.800000000E1
7.528333333E-1	-1.660000000E2	-6.000000000E0
8.027777778E-1	-1.860000000E2	1.800000000E1
8.530333333E-1	-1.960000000E2	3.800000000E1
9.031777778E-1	-2.100000000E2	6.200000000E1
9.533222222E-1	-2.100000000E2	7.400000000E1
1.003466667E0	-2.120000000E2	8.600000000E1
1.053822222E0	-2.120000000E2	8.600000000E1
1.103733333E0	-2.160000000E2	8.400000000E1
1.154111111E0	-2.160000000E2	8.400000000E1
1.204200000E0	-2.220000000E2	7.000000000E1
1.254000000E0	-2.200000000E2	6.000000000E1
1.304600000E0	-2.200000000E2	5.800000000E1
1.354766667E0	-2.120000000E2	6.600000000E1
1.404711111E0	-2.080000000E2	7.400000000E1
1.455066667E0	-2.020000000E2	8.600000000E1
1.505055556E0	-1.980000000E2	9.600000000E1
1.555244444E0	-1.920000000E2	1.060000000E2
1.605555556E0	-1.900000000E2	1.140000000E2
1.655511111E0	-1.900000000E2	1.140000000E2
1.705877778E0	-1.900000000E2	1.020000000E2
1.755922222E0	-1.960000000E2	1.000000000E2
1.806088889E0	-2.020000000E2	9.400000000E1
1.856144444E0	-2.080000000E2	9.800000000E1
1.906200000E0	-2.180000000E2	1.100000000E2
1.956511111E0	-2.320000000E2	1.280000000E2
2.006400000E0	-2.480000000E2	1.460000000E2
2.056755556E0	-2.480000000E2	1.660000000E2
2.106911111E0	-2.500000000E2	1.880000000E2
2.157066667E0	-2.540000000E2	2.000000000E2
2.207222222E0	-2.540000000E2	2.060000000E2
2.257377778E0	-2.540000000E2	2.060000000E2
2.307644444E0	-2.520000000E2	1.940000000E2
2.357911111E0	-2.520000000E2	1.900000000E2
2.407944444E0	-2.500000000E2	1.740000000E2
2.458255556E0	-2.500000000E2	1.700000000E2
2.508122222E0	-2.500000000E2	1.700000000E2
2.558144444E0	-2.380000000E2	1.860000000E2
2.608644444E0	-2.380000000E2	1.860000000E2
2.658877778E0	-2.320000000E2	1.980000000E2
2.709111111E0	-2.260000000E2	2.100000000E2
2.759044444E0	-2.200000000E2	2.200000000E2
2.809177778E0	-2.200000000E2	2.200000000E2
