rt_leg
t	x	y
0.000000000E0	-3.460000000E2	-1.015000000E3
5.057777778E-2	-3.490000000E2	-1.021000000E3
1.007333333E-1	-3.490000000E2	-1.021000000E3
1.507777778E-1	-3.450000000E2	-1.019000000E3
2.008222222E-1	-3.410000000E2	-1.027000000E3
2.510111111E-1	-3.410000000E2	-1.027000000E3
3.009777778E-1	-3.410000000E2	-1.031000000E3
3.515444444E-1	-3.450000000E2	-1.036000000E3
4.015777778E-1	-3.500000000E2	-1.039000000E3
4.518666667E-1	-3.550000000E2	-1.045000000E3
5.016000000E-1	-3.510000000E2	-1.042000000E3
5.517666667E-1	-3.520000000E2	-1.040000000E3
6.021555556E-1	-3.530000000E2	-1.033000000E3
6.525444444E-1	-3.550000000E2	-1.016000000E3
7.024555556E-1	-3.560000000E2	-9.890000000E2
7.528333333E-1	-3.550000000E2	-9.470000000E2
8.027777778E-1	-3.610000000E2	-8.740000000E2
8.530333333E-1	-3.740000000E2	-7.730000000E2
9.031777778E-1	-3.810000000E2	-6.490000000E2
9.533222222E-1	-3.850000000E2	-5.610000000E2
1.003466667E0	-3.810000000E2	-5.280000000E2
1.053822222E0	-3.730000000E2	-5.490000000E2
1.103733333E0	-3.740000000E2	-5.780000000E2
1.154111111E0	-3.900000000E2	-6.020000000E2
1.204200000E0	-4.040000000E2	-6.140000000E2
1.254000000E0	-4.050000000E2	-6.160000000E2
1.304600000E0	-4.040000000E2	-6.160000000E2
1.354766667E0	-4.050000000E2	-6.210000000E2
1.404711111E0	-3.990000000E2	-6.260000000E2
1.455066667E0	-3.950000000E2	-6.170000000E2
1.505055556E0	-4.030000000E2	-6.250000000E2
1.555244444E0	-4.030000000E2	-6.250000000E2
1.605555556E0	-4.160000000E2	-6.260000000E2
1.655511111E0	-4.150000000E2	-6.300000000E2
1.705877778E0	-4.150000000E2	-6.270000000E2
1.755922222E0	-4.140000000E2	-6.220000000E2
1.806088889E0	-4.120000000E2	-6.140000000E2
1.856144444E0	-4.020000000E2	-5.980000000E2
1.906200000E0	-3.990000000E2	-5.660000000E2
1.956511111E0	-3.930000000E2	-5.250000000E2
2.006400000E0	-3.930000000E2	-4.580000000E2
2.056755556E0	-3.910000000E2	-3.760000000E2
2.106911111E0	-3.900000000E2	-3.130000000E2
2.157066667E0	-3.820000000E2	-2.850000000E2
2.207222222E0	-3.770000000E2	-3.000000000E2
2.257377778E0	-3.760000000E2	-3.280000000E2
2.307644444E0	-3.800000000E2	-3.530000000E2
2.357911111E0	-3.920000000E2	-3.640000000E2
2.407944444E0	-3.920000000E2	-3.770000000E2
2.458255556E0	-3.920000000E2	-3.770000000E2
2.508122222E0	-3.890000000E2	-3.770000000E2
2.558144444E0	-3.890000000E2	-3.780000000E2
2.608644444E0	-3.890000000E2	-3.780000000E2
2.658877778E0	-3.890000000E2	-3.780000000E2
2.709111111E0	-3.900000000E2	-3.790000000E2
2.759044444E0	-3.930000000E2	-3.790000000E2
2.809177778E0	-3.930000000E2	-3.790000000E2
