rt_hand
t	x	y
0.000000000E0	-1.640000000E2	-4.060000000E2
5.057777778E-2	-1.480000000E2	-4.020000000E2
1.007333333E-1	-1.380000000E2	-3.800000000E2
1.507777778E-1	-1.280000000E2	-3.600000000E2
2.008222222E-1	-1.220000000E2	-3.360000000E2
2.510111111E-1	-1.220000000E2	-3.180000000E2
3.009777778E-1	-1.280000000E2	-2.980000000E2
3.515444444E-1	-1.280000000E2	-2.740000000E2
4.015777778E-1	-1.400000000E2	-2.480000000E2
4.518666667E-1	-1.520000000E2	-2.220000000E2
5.016000000E-1	-1.680000000E2	-2.100000000E2
5.517666667E-1	-1.780000000E2	-2.020000000E2
6.021555556E-1	-1.800000000E2	-2.020000000E2
6.525444444E-1	-1.880000000E2	-2.100000000E2
7.024555556E-1	-1.920000000E2	-2.040000000E2
7.528333333E-1	-1.860000000E2	-1.980000000E2
8.027777778E-1	-1.960000000E2	-1.760000000E2
8.530333333E-1	-1.880000000E2	-1.580000000E2
9.031777778E-1	-1.980000000E2	-1.440000000E2
9.533222222E-1	-2.000000000E2	-1.300000000E2
1.003466667E0	-2.000000000E2	-1.100000000E2
1.053822222E0	-2.000000000E2	-1.100000000E2
1.103733333E0	-2.040000000E2	-1.220000000E2
1.154111111E0	-2.040000000E2	-1.280000000E2
1.204200000E0	-2.040000000E2	-1.440000000E2
1.254000000E0	-2.080000000E2	-1.380000000E2
1.304600000E0	-2.080000000E2	-1.380000000E2
1.354766667E0	-2.100000000E2	-1.160000000E2
1.404711111E0	-2.160000000E2	-1.000000000E2
1.455066667E0	-2.160000000E2	-9.000000000E1
1.505055556E0	-2.200000000E2	-6.400000000E1
1.555244444E0	-2.300000000E2	-5.200000000E1
1.605555556E0	-2.320000000E2	-4.000000000E1
1.655511111E0	-2.420000000E2	-3.400000000E1
1.705877778E0	-2.420000000E2	-3.400000000E1
1.755922222E0	-2.420000000E2	-3.400000000E1
1.806088889E0	-2.420000000E2	-4.800000000E1
1.856144444E0	-2.420000000E2	-4.800000000E1
1.906200000E0	-2.420000000E2	-4.200000000E1
1.956511111E0	-2.360000000E2	-3.000000000E1
2.006400000E0	-2.360000000E2	-1.000000000E1
2.056755556E0	-2.360000000E2	6.000000000E0
2.106911111E0	-2.360000000E2	1.800000000E1
2.157066667E0	-2.380000000E2	4.200000000E1
2.207222222E0	-2.380000000E2	4.200000000E1
2.257377778E0	-2.480000000E2	4.200000000E1
2.307644444E0	-2.400000000E2	3.000000000E1
2.357911111E0	-2.400000000E2	3.000000000E1
2.407944444E0	-2.400000000E2	2.400000000E1
2.458255556E0	-2.380000000E2	1.400000000E1
2.508122222E0	-2.380000000E2	1.400000000E1
2.558144444E0	-2.380000000E2	3.200000000E1
2.608644444E0	-2.380000000E2	4.400000000E1
2.658877778E0	-2.380000000E2	6.000000000E1
2.709111111E0	-2.380000000E2	6.000000000E1
2.759044444E0	-2.380000000E2	7.600000000E1
2.809177778E0	-2.480000000E2	8.200000000E1
