rt_shoulder
t	x	y
0.000000000E0	-2.680000000E2	1.680000000E2
5.057777778E-2	-2.600000000E2	1.620000000E2
1.007333333E-1	-2.480000000E2	1.740000000E2
1.507777778E-1	-2.320000000E2	2.020000000E2
2.008222222E-1	-2.220000000E2	2.220000000E2
2.510111111E-1	-2.160000000E2	2.320000000E2
3.009777778E-1	-2.160000000E2	2.600000000E2
3.515444444E-1	-2.140000000E2	2.740000000E2
4.015777778E-1	-2.140000000E2	2.740000000E2
4.518666667E-1	-2.140000000E2	2.740000000E2
5.016000000E-1	-2.240000000E2	2.580000000E2
5.517666667E-1	-2.320000000E2	2.500000000E2
6.021555556E-1	-2.400000000E2	2.400000000E2
6.525444444E-1	-2.520000000E2	2.400000000E2
7.024555556E-1	-2.600000000E2	2.420000000E2
7.528333333E-1	-2.760000000E2	2.500000000E2
8.027777778E-1	-2.880000000E2	2.740000000E2
8.530333333E-1	-2.920000000E2	2.880000000E2
9.031777778E-1	-2.960000000E2	3.020000000E2
9.533222222E-1	-3.000000000E2	3.140000000E2
1.003466667E0	-3.000000000E2	3.140000000E2
1.053822222E0	-3.060000000E2	3.060000000E2
1.103733333E0	-3.020000000E2	2.940000000E2
1.154111111E0	-3.000000000E2	2.820000000E2
1.204200000E0	-2.960000000E2	2.740000000E2
1.254000000E0	-2.880000000E2	2.740000000E2
1.304600000E0	-2.800000000E2	2.840000000E2
1.354766667E0	-2.760000000E2	3.000000000E2
1.404711111E0	-2.740000000E2	3.120000000E2
1.455066667E0	-2.700000000E2	3.240000000E2
1.505055556E0	-2.740000000E2	3.360000000E2
1.555244444E0	-2.740000000E2	3.460000000E2
1.605555556E0	-2.760000000E2	3.460000000E2
1.655511111E0	-2.780000000E2	3.380000000E2
1.705877778E0	-2.840000000E2	3.300000000E2
1.755922222E0	-2.900000000E2	3.140000000E2
1.806088889E0	-2.980000000E2	3.140000000E2
1.856144444E0	-3.040000000E2	3.140000000E2
1.906200000E0	-3.100000000E2	3.220000000E2
1.956511111E0	-3.120000000E2	3.340000000E2
2.006400000E0	-3.160000000E2	3.500000000E2
2.056755556E0	-3.180000000E2	3.620000000E2
2.106911111E0	-3.180000000E2	3.780000000E2
2.157066667E0	-3.180000000E2	3.780000000E2
2.207222222E0	-3.180000000E2	3.780000000E2
2.257377778E0	-3.240000000E2	3.740000000E2
2.307644444E0	-3.160000000E2	3.620000000E2
2.357911111E0	-3.120000000E2	3.540000000E2
2.407944444E0	-3.040000000E2	3.460000000E2
2.458255556E0	-2.960000000E2	3.500000000E2
2.508122222E0	-2.960000000E2	3.580000000E2
2.558144444E0	-2.920000000E2	3.680000000E2
2.608644444E0	-2.880000000E2	3.820000000E2
2.658877778E0	-2.860000000E2	3.940000000E2
2.709111111E0	-2.860000000E2	3.980000000E2
2.759044444E0	-2.860000000E2	4.100000000E2
2.809177778E0	-2.860000000E2	4.100000000E2
