lt_elbow
t	x	y
0.000000000E0	-7.400000000E1	-4.060000000E2
5.040000000E-2	-6.100000000E1	-4.070000000E2
1.005444444E-1	-5.400000000E1	-4.100000000E2
1.506888889E-1	-4.400000000E1	-4.120000000E2
2.010222222E-1	-4.000000000E1	-4.100000000E2
2.510888889E-1	-3.000000000E1	-3.980000000E2
3.011555556E-1	-2.300000000E1	-3.780000000E2
3.513333333E-1	-1.100000000E1	-3.600000000E2
4.015111111E-1	-2.000000000E0	-3.380000000E2
4.518777778E-1	3.000000000E0	-3.270000000E2
5.016888889E-1	1.000000000E1	-3.080000000E2
5.520777778E-1	1.600000000E1	-2.880000000E2
6.021222222E-1	2.400000000E1	-2.770000000E2
6.525111111E-1	3.000000000E1	-2.650000000E2
7.024666667E-1	3.000000000E1	-2.620000000E2
7.526555556E-1	3.400000000E1	-2.590000000E2
8.027444444E-1	4.000000000E1	-2.590000000E2
8.528333333E-1	4.300000000E1	-2.630000000E2
9.030888889E-1	4.600000000E1	-2.630000000E2
9.533444444E-1	4.600000000E1	-2.620000000E2
1.003422222E0	5.100000000E1	-2.620000000E2
1.053800000E0	5.400000000E1	-2.670000000E2
1.103966667E0	5.400000000E1	-2.660000000E2
1.153888889E0	5.600000000E1	-2.690000000E2
1.204088889E0	5.900000000E1	-2.650000000E2
1.254288889E0	5.800000000E1	-2.640000000E2
1.304355556E0	5.200000000E1	-2.510000000E2
1.354322222E0	5.300000000E1	-2.370000000E2
1.404477778E0	4.400000000E1	-2.200000000E2
1.454633333E0	3.500000000E1	-2.060000000E2
1.505177778E0	2.900000000E1	-1.960000000E2
1.555233333E0	2.100000000E1	-1.890000000E2
1.605422222E0	1.600000000E1	-1.850000000E2
1.655500000E0	1.400000000E1	-1.830000000E2
1.705800000E0	1.500000000E1	-1.810000000E2
1.755855556E0	1.400000000E1	-1.830000000E2
1.805911111E0	1.700000000E1	-1.880000000E2
1.856177778E0	2.000000000E1	-1.890000000E2
1.906300000E0	2.400000000E1	-1.910000000E2
1.956422222E0	2.400000000E1	-1.940000000E2
2.006544444E0	3.300000000E1	-1.950000000E2
2.056788889E0	3.000000000E1	-1.970000000E2
2.107033333E0	4.400000000E1	-1.990000000E2
2.157277778E0	4.500000000E1	-1.980000000E2
2.207377778E0	4.900000000E1	-1.870000000E2
2.257477778E0	5.500000000E1	-1.770000000E2
2.307811111E0	5.400000000E1	-1.630000000E2
2.357822222E0	5.700000000E1	-1.480000000E2
2.407944444E0	6.200000000E1	-1.350000000E2
2.458277778E0	5.900000000E1	-1.270000000E2
2.508466667E0	6.600000000E1	-1.190000000E2
2.558466667E0	6.500000000E1	-1.070000000E2
2.608466667E0	7.000000000E1	-1.090000000E2
2.658700000E0	7.200000000E1	-1.090000000E2
2.708933333E0	7.400000000E1	-1.070000000E2
2.758800000E0	7.100000000E1	-1.130000000E2
2.809233333E0	7.600000000E1	-1.130000000E2
2.859122222E0	7.500000000E1	-1.120000000E2
2.909744444E0	7.700000000E1	-1.160000000E2
2.959444444E0	7.400000000E1	-1.210000000E2
3.009900000E0	7.400000000E1	-1.210000000E2
3.059977778E0	6.900000000E1	-1.260000000E2
3.110055556E0	7.000000000E1	-1.210000000E2
3.160433333E0	6.800000000E1	-1.130000000E2
3.210811111E0	6.400000000E1	-9.900000000E1
3.260622222E0	6.200000000E1	-8.300000000E1
3.310844444E0	5.800000000E1	-7.200000000E1
3.360922222E0	4.600000000E1	-6.000000000E1
3.411000000E0	4.300000000E1	-5.300000000E1
3.461244444E0	3.200000000E1	-4.900000000E1
3.511488889E0	2.700000000E1	-4.600000000E1
3.561577778E0	2.300000000E1	-4.400000000E1
3.611977778E0	2.400000000E1	-5.000000000E1
3.661977778E0	2.100000000E1	-5.100000000E1
3.712266667E0	2.300000000E1	-5.500000000E1
3.762000000E0	2.600000000E1	-5.600000000E1
3.812166667E0	2.800000000E1	-6.500000000E1
3.862333333E0	3.300000000E1	-6.500000000E1
3.912500000E0	3.600000000E1	-7.100000000E1
3.962666667E0	4.300000000E1	-7.300000000E1
4.012833333E0	5.000000000E1	-7.300000000E1
4.063000000E0	5.800000000E1	-7.400000000E1
4.113166667E0	5.700000000E1	-7.000000000E1
4.163333333E0	6.500000000E1	-5.900000000E1
4.213855556E0	7.400000000E1	-4.600000000E1
4.263900000E0	7.500000000E1	-3.800000000E1
4.314144444E0	7.800000000E1	-2.100000000E1
4.364266667E0	8.100000000E1	-1.300000000E1
