lt_Foot
t	x	y
0.000000000E0	1.266954644E2	-1.543153348E3
5.040000000E-2	1.266954644E2	-1.543153348E3
1.005444444E-1	1.266954644E2	-1.543153348E3
1.506888889E-1	1.266954644E2	-1.543153348E3
2.010222222E-1	1.308423326E2	-1.526565875E3
2.510888889E-1	1.308423326E2	-1.518272138E3
3.011555556E-1	1.308423326E2	-1.489244060E3
3.513333333E-1	1.308423326E2	-1.472656587E3
4.015111111E-1	1.308423326E2	-1.456069114E3
4.518777778E-1	1.432829374E2	-1.398012959E3
5.016888889E-1	1.598704104E2	-1.331663067E3
5.520777778E-1	1.764578834E2	-1.294341253E3
6.021222222E-1	1.930453564E2	-1.232138229E3
6.525111111E-1	1.888984881E2	-1.165788337E3
7.024666667E-1	1.888984881E2	-1.128466523E3
7.526555556E-1	1.847516199E2	-1.078704104E3
8.027444444E-1	1.847516199E2	-1.053822894E3
8.528333333E-1	1.764578834E2	-9.999136069E2
9.030888889E-1	1.764578834E2	-9.999136069E2
9.533444444E-1	1.764578834E2	-9.999136069E2
1.003422222E0	1.764578834E2	-9.999136069E2
1.053800000E0	1.971922246E2	-9.999136069E2
1.103966667E0	1.971922246E2	-9.999136069E2
1.153888889E0	1.971922246E2	-1.008207343E3
1.204088889E0	2.013390929E2	-1.020647948E3
1.254288889E0	2.013390929E2	-1.020647948E3
1.304355556E0	2.013390929E2	-1.008207343E3
1.354322222E0	2.013390929E2	-1.008207343E3
1.404477778E0	2.013390929E2	-1.016501080E3
1.454633333E0	2.013390929E2	-1.016501080E3
1.505177778E0	1.930453564E2	-1.020647948E3
1.555233333E0	1.930453564E2	-1.020647948E3
1.605422222E0	1.930453564E2	-1.020647948E3
1.655500000E0	1.930453564E2	-1.020647948E3
1.705800000E0	1.930453564E2	-1.020647948E3
1.755855556E0	1.930453564E2	-1.020647948E3
1.805911111E0	1.847516199E2	-1.024794816E3
1.856177778E0	1.847516199E2	-1.024794816E3
1.906300000E0	1.847516199E2	-1.024794816E3
1.956422222E0	1.847516199E2	-1.024794816E3
2.006544444E0	1.847516199E2	-1.024794816E3
2.056788889E0	1.847516199E2	-1.024794816E3
2.107033333E0	1.847516199E2	-1.024794816E3
2.157277778E0	1.847516199E2	-1.024794816E3
2.207377778E0	1.847516199E2	-1.024794816E3
2.257477778E0	1.888984881E2	-9.999136069E2
2.307811111E0	1.888984881E2	-9.916198704E2
2.357822222E0	1.888984881E2	-9.584449244E2
2.407944444E0	1.888984881E2	-9.252699784E2
2.458277778E0	1.888984881E2	-9.045356371E2
2.508466667E0	1.847516199E2	-8.464794816E2
2.558466667E0	1.888984881E2	-8.091576674E2
2.608466667E0	1.888984881E2	-7.676889849E2
2.658700000E0	1.971922246E2	-7.345140389E2
2.708933333E0	1.847516199E2	-7.013390929E2
2.758800000E0	1.847516199E2	-7.013390929E2
2.809233333E0	1.806047516E2	-6.806047516E2
2.859122222E0	1.847516199E2	-6.888984881E2
2.909744444E0	1.888984881E2	-7.013390929E2
2.959444444E0	1.888984881E2	-7.013390929E2
3.009900000E0	1.890000000E2	-7.230000000E2
3.059977778E0	1.860000000E2	-7.210000000E2
3.110055556E0	1.850000000E2	-7.320000000E2
3.160433333E0	1.850000000E2	-7.320000000E2
3.210811111E0	1.770000000E2	-7.320000000E2
3.260622222E0	1.770000000E2	-7.320000000E2
3.310844444E0	1.770000000E2	-7.320000000E2
3.360922222E0	1.770000000E2	-7.320000000E2
3.411000000E0	1.770000000E2	-7.320000000E2
3.461244444E0	1.770000000E2	-7.320000000E2
3.511488889E0	1.750000000E2	-7.310000000E2
3.561577778E0	1.750000000E2	-7.310000000E2
3.611977778E0	1.730000000E2	-7.290000000E2
3.661977778E0	1.730000000E2	-7.290000000E2
3.712266667E0	1.710000000E2	-7.290000000E2
3.762000000E0	1.710000000E2	-7.290000000E2
3.812166667E0	1.710000000E2	-7.290000000E2
3.862333333E0	1.710000000E2	-7.290000000E2
3.912500000E0	1.710000000E2	-7.260000000E2
3.962666667E0	1.710000000E2	-7.260000000E2
4.012833333E0	1.710000000E2	-7.200000000E2
4.063000000E0	1.710000000E2	-7.080000000E2
4.113166667E0	1.710000000E2	-6.970000000E2
4.163333333E0	1.680000000E2	-6.870000000E2
4.213855556E0	1.690000000E2	-6.690000000E2
4.263900000E0	1.720000000E2	-6.500000000E2
4.314144444E0	1.770000000E2	-6.280000000E2
4.364266667E0	1.830000000E2	-6.060000000E2
