lt_hand
t	x	y
0.000000000E0	-4.500000000E1	-6.820000000E2
5.040000000E-2	-3.400000000E1	-6.870000000E2
1.005444444E-1	-2.800000000E1	-6.870000000E2
1.506888889E-1	-1.500000000E1	-6.840000000E2
2.010222222E-1	-1.400000000E1	-6.790000000E2
2.510888889E-1	-1.300000000E1	-6.640000000E2
3.011555556E-1	-9.000000000E0	-6.540000000E2
3.513333333E-1	-1.200000000E1	-6.400000000E2
4.015111111E-1	-9.000000000E0	-6.180000000E2
4.518777778E-1	-6.000000000E0	-5.970000000E2
5.016888889E-1	-1.000000000E0	-5.840000000E2
5.520777778E-1	3.000000000E0	-5.600000000E2
6.021222222E-1	8.000000000E0	-5.470000000E2
6.525111111E-1	1.600000000E1	-5.360000000E2
7.024666667E-1	1.300000000E1	-5.280000000E2
7.526555556E-1	1.500000000E1	-5.240000000E2
8.027444444E-1	2.000000000E1	-5.280000000E2
8.528333333E-1	2.100000000E1	-5.260000000E2
9.030888889E-1	1.800000000E1	-5.230000000E2
9.533444444E-1	2.000000000E1	-5.280000000E2
1.003422222E0	2.400000000E1	-5.260000000E2
1.053800000E0	2.500000000E1	-5.300000000E2
1.103966667E0	3.000000000E1	-5.250000000E2
1.153888889E0	2.800000000E1	-5.290000000E2
1.204088889E0	3.000000000E1	-5.270000000E2
1.254288889E0	2.500000000E1	-5.180000000E2
1.304355556E0	2.100000000E1	-5.040000000E2
1.354322222E0	2.100000000E1	-4.810000000E2
1.404477778E0	1.300000000E1	-4.710000000E2
1.454633333E0	8.000000000E0	-4.590000000E2
1.505177778E0	6.000000000E0	-4.440000000E2
1.555233333E0	6.000000000E0	-4.340000000E2
1.605422222E0	0.000000000E0	-4.270000000E2
1.655500000E0	9.000000000E0	-4.170000000E2
1.705800000E0	1.200000000E1	-4.140000000E2
1.755855556E0	1.700000000E1	-4.110000000E2
1.805911111E0	1.800000000E1	-4.120000000E2
1.856177778E0	2.500000000E1	-4.200000000E2
1.906300000E0	2.600000000E1	-4.220000000E2
1.956422222E0	3.200000000E1	-4.220000000E2
2.006544444E0	3.400000000E1	-4.300000000E2
2.056788889E0	3.800000000E1	-4.340000000E2
2.107033333E0	3.200000000E1	-4.230000000E2
2.157277778E0	3.800000000E1	-4.300000000E2
2.207377778E0	3.200000000E1	-4.250000000E2
2.257477778E0	3.300000000E1	-4.060000000E2
2.307811111E0	2.800000000E1	-3.940000000E2
2.357822222E0	3.200000000E1	-3.750000000E2
2.407944444E0	3.100000000E1	-3.620000000E2
2.458277778E0	3.300000000E1	-3.510000000E2
2.508466667E0	3.500000000E1	-3.410000000E2
2.558466667E0	4.000000000E1	-3.330000000E2
2.608466667E0	4.000000000E1	-3.290000000E2
2.658700000E0	4.600000000E1	-3.240000000E2
2.708933333E0	4.800000000E1	-3.280000000E2
2.758800000E0	5.000000000E1	-3.280000000E2
2.809233333E0	5.400000000E1	-3.240000000E2
2.859122222E0	4.800000000E1	-3.270000000E2
2.909744444E0	5.200000000E1	-3.310000000E2
2.959444444E0	4.900000000E1	-3.300000000E2
3.009900000E0	5.000000000E1	-3.330000000E2
3.059977778E0	4.700000000E1	-3.370000000E2
3.110055556E0	4.800000000E1	-3.320000000E2
3.160433333E0	4.200000000E1	-3.180000000E2
3.210811111E0	4.000000000E1	-3.090000000E2
3.260622222E0	3.400000000E1	-2.940000000E2
3.310844444E0	2.900000000E1	-2.740000000E2
3.360922222E0	1.900000000E1	-2.640000000E2
3.411000000E0	1.900000000E1	-2.570000000E2
3.461244444E0	1.200000000E1	-2.510000000E2
3.511488889E0	1.300000000E1	-2.470000000E2
3.561577778E0	1.300000000E1	-2.420000000E2
3.611977778E0	8.000000000E0	-2.410000000E2
3.661977778E0	1.400000000E1	-2.450000000E2
3.712266667E0	1.900000000E1	-2.500000000E2
3.762000000E0	2.700000000E1	-2.510000000E2
3.812166667E0	2.400000000E1	-2.540000000E2
3.862333333E0	3.200000000E1	-2.560000000E2
3.912500000E0	3.900000000E1	-2.590000000E2
3.962666667E0	4.500000000E1	-2.640000000E2
4.012833333E0	4.800000000E1	-2.640000000E2
4.063000000E0	5.200000000E1	-2.630000000E2
4.113166667E0	5.000000000E1	-2.570000000E2
4.163333333E0	5.300000000E1	-2.470000000E2
4.213855556E0	5.800000000E1	-2.270000000E2
4.263900000E0	6.200000000E1	-2.190000000E2
4.314144444E0	6.400000000E1	-2.070000000E2
4.364266667E0	6.200000000E1	-1.970000000E2
