lt_Hip
t	x	y
0.000000000E0	1.800000000E1	-6.330000000E2
5.040000000E-2	2.000000000E1	-6.330000000E2
1.005444444E-1	2.700000000E1	-6.330000000E2
1.506888889E-1	3.500000000E1	-6.300000000E2
2.010222222E-1	4.700000000E1	-6.250000000E2
2.510888889E-1	5.300000000E1	-6.180000000E2
3.011555556E-1	5.800000000E1	-6.030000000E2
3.513333333E-1	6.800000000E1	-5.820000000E2
4.015111111E-1	7.800000000E1	-5.630000000E2
4.518777778E-1	8.700000000E1	-5.460000000E2
5.016888889E-1	9.700000000E1	-5.280000000E2
5.520777778E-1	9.900000000E1	-5.140000000E2
6.021222222E-1	1.040000000E2	-4.870000000E2
6.525111111E-1	1.030000000E2	-4.790000000E2
7.024666667E-1	1.000000000E2	-4.720000000E2
7.526555556E-1	1.000000000E2	-4.630000000E2
8.027444444E-1	9.700000000E1	-4.590000000E2
8.528333333E-1	9.600000000E1	-4.540000000E2
9.030888889E-1	9.500000000E1	-4.510000000E2
9.533444444E-1	9.300000000E1	-4.460000000E2
1.003422222E0	9.200000000E1	-4.410000000E2
1.053800000E0	8.900000000E1	-4.430000000E2
1.103966667E0	8.900000000E1	-4.430000000E2
1.153888889E0	8.700000000E1	-4.450000000E2
1.204088889E0	8.500000000E1	-4.460000000E2
1.254288889E0	7.900000000E1	-4.350000000E2
1.304355556E0	7.400000000E1	-4.230000000E2
1.354322222E0	7.300000000E1	-4.110000000E2
1.404477778E0	7.100000000E1	-3.970000000E2
1.454633333E0	7.400000000E1	-3.880000000E2
1.505177778E0	7.500000000E1	-3.810000000E2
1.555233333E0	7.900000000E1	-3.740000000E2
1.605422222E0	8.100000000E1	-3.690000000E2
1.655500000E0	8.500000000E1	-3.640000000E2
1.705800000E0	8.900000000E1	-3.640000000E2
1.755855556E0	8.900000000E1	-3.610000000E2
1.805911111E0	8.900000000E1	-3.610000000E2
1.856177778E0	9.500000000E1	-3.620000000E2
1.906300000E0	9.500000000E1	-3.620000000E2
1.956422222E0	9.500000000E1	-3.620000000E2
2.006544444E0	1.020000000E2	-3.620000000E2
2.056788889E0	1.060000000E2	-3.650000000E2
2.107033333E0	1.060000000E2	-3.650000000E2
2.157277778E0	1.090000000E2	-3.610000000E2
2.207377778E0	1.110000000E2	-3.570000000E2
2.257477778E0	1.120000000E2	-3.510000000E2
2.307811111E0	1.150000000E2	-3.410000000E2
2.357822222E0	1.160000000E2	-3.230000000E2
2.407944444E0	1.190000000E2	-3.180000000E2
2.458277778E0	1.290000000E2	-2.980000000E2
2.508466667E0	1.290000000E2	-2.850000000E2
2.558466667E0	1.270000000E2	-2.790000000E2
2.608466667E0	1.250000000E2	-2.700000000E2
2.658700000E0	1.230000000E2	-2.660000000E2
2.708933333E0	1.170000000E2	-2.600000000E2
2.758800000E0	1.150000000E2	-2.570000000E2
2.809233333E0	1.100000000E2	-2.570000000E2
2.859122222E0	1.080000000E2	-2.550000000E2
2.909744444E0	1.040000000E2	-2.510000000E2
2.959444444E0	1.030000000E2	-2.580000000E2
3.009900000E0	1.030000000E2	-2.590000000E2
3.059977778E0	9.700000000E1	-2.670000000E2
3.110055556E0	9.700000000E1	-2.610000000E2
3.160433333E0	8.500000000E1	-2.470000000E2
3.210811111E0	8.500000000E1	-2.410000000E2
3.260622222E0	8.500000000E1	-2.250000000E2
3.310844444E0	8.500000000E1	-2.130000000E2
3.360922222E0	8.500000000E1	-2.090000000E2
3.411000000E0	8.500000000E1	-2.010000000E2
3.461244444E0	8.500000000E1	-1.970000000E2
3.511488889E0	8.700000000E1	-1.930000000E2
3.561577778E0	8.700000000E1	-1.930000000E2
3.611977778E0	8.700000000E1	-1.930000000E2
3.661977778E0	8.700000000E1	-1.930000000E2
3.712266667E0	9.400000000E1	-1.900000000E2
3.762000000E0	9.400000000E1	-1.900000000E2
3.812166667E0	9.500000000E1	-1.920000000E2
3.862333333E0	1.010000000E2	-1.950000000E2
3.912500000E0	9.900000000E1	-1.920000000E2
3.962666667E0	1.020000000E2	-2.010000000E2
4.012833333E0	1.070000000E2	-2.010000000E2
4.063000000E0	1.080000000E2	-2.000000000E2
4.113166667E0	1.100000000E2	-1.950000000E2
4.163333333E0	1.140000000E2	-1.860000000E2
4.213855556E0	1.210000000E2	-1.740000000E2
4.263900000E0	1.240000000E2	-1.620000000E2
4.314144444E0	1.310000000E2	-1.530000000E2
4.364266667E0	1.350000000E2	-1.370000000E2
