lt_knee
t	x	y
0.000000000E0	1.330000000E2	-1.166000000E3
5.040000000E-2	1.330000000E2	-1.166000000E3
1.005444444E-1	1.350000000E2	-1.160000000E3
1.506888889E-1	1.380000000E2	-1.153000000E3
2.010222222E-1	1.430000000E2	-1.139000000E3
2.510888889E-1	1.470000000E2	-1.129000000E3
3.011555556E-1	1.510000000E2	-1.104000000E3
3.513333333E-1	1.580000000E2	-1.080000000E3
4.015111111E-1	1.670000000E2	-1.054000000E3
4.518777778E-1	1.760000000E2	-1.028000000E3
5.016888889E-1	1.860000000E2	-9.880000000E2
5.520777778E-1	1.890000000E2	-9.600000000E2
6.021222222E-1	1.930000000E2	-9.230000000E2
6.525111111E-1	1.950000000E2	-8.880000000E2
7.024666667E-1	1.930000000E2	-8.580000000E2
7.526555556E-1	1.960000000E2	-8.360000000E2
8.027444444E-1	2.000000000E2	-8.130000000E2
8.528333333E-1	2.030000000E2	-7.940000000E2
9.030888889E-1	2.030000000E2	-7.780000000E2
9.533444444E-1	2.030000000E2	-7.650000000E2
1.003422222E0	2.030000000E2	-7.550000000E2
1.053800000E0	2.030000000E2	-7.550000000E2
1.103966667E0	2.030000000E2	-7.550000000E2
1.153888889E0	2.050000000E2	-7.650000000E2
1.204088889E0	2.050000000E2	-7.680000000E2
1.254288889E0	2.030000000E2	-7.690000000E2
1.304355556E0	1.970000000E2	-7.700000000E2
1.354322222E0	1.920000000E2	-7.650000000E2
1.404477778E0	1.920000000E2	-7.630000000E2
1.454633333E0	1.990000000E2	-7.680000000E2
1.505177778E0	1.930000000E2	-7.620000000E2
1.555233333E0	1.930000000E2	-7.620000000E2
1.605422222E0	1.900000000E2	-7.540000000E2
1.655500000E0	1.870000000E2	-7.590000000E2
1.705800000E0	1.890000000E2	-7.570000000E2
1.755855556E0	1.890000000E2	-7.570000000E2
1.805911111E0	1.840000000E2	-7.580000000E2
1.856177778E0	1.840000000E2	-7.580000000E2
1.906300000E0	1.840000000E2	-7.580000000E2
1.956422222E0	1.820000000E2	-7.550000000E2
2.006544444E0	1.860000000E2	-7.580000000E2
2.056788889E0	1.870000000E2	-7.570000000E2
2.107033333E0	1.910000000E2	-7.520000000E2
2.157277778E0	1.910000000E2	-7.470000000E2
2.207377778E0	1.910000000E2	-7.390000000E2
2.257477778E0	1.970000000E2	-7.230000000E2
2.307811111E0	1.990000000E2	-7.130000000E2
2.357822222E0	2.020000000E2	-6.950000000E2
2.407944444E0	2.030000000E2	-6.780000000E2
2.458277778E0	1.990000000E2	-6.570000000E2
2.508466667E0	1.990000000E2	-6.320000000E2
2.558466667E0	1.980000000E2	-6.080000000E2
2.608466667E0	1.990000000E2	-5.850000000E2
2.658700000E0	1.990000000E2	-5.740000000E2
2.708933333E0	2.010000000E2	-5.580000000E2
2.758800000E0	1.990000000E2	-5.350000000E2
2.809233333E0	2.020000000E2	-5.230000000E2
2.859122222E0	1.940000000E2	-5.230000000E2
2.909744444E0	1.970000000E2	-5.230000000E2
2.959444444E0	1.950000000E2	-5.260000000E2
3.009900000E0	1.940000000E2	-5.310000000E2
3.059977778E0	1.920000000E2	-5.360000000E2
3.110055556E0	1.890000000E2	-5.390000000E2
3.160433333E0	1.830000000E2	-5.400000000E2
3.210811111E0	1.770000000E2	-5.360000000E2
3.260622222E0	1.690000000E2	-5.290000000E2
3.310844444E0	1.780000000E2	-5.330000000E2
3.360922222E0	1.770000000E2	-5.290000000E2
3.411000000E0	1.750000000E2	-5.270000000E2
3.461244444E0	1.710000000E2	-5.230000000E2
3.511488889E0	1.690000000E2	-5.170000000E2
3.561577778E0	1.690000000E2	-5.170000000E2
3.611977778E0	1.670000000E2	-5.160000000E2
3.661977778E0	1.620000000E2	-5.110000000E2
3.712266667E0	1.680000000E2	-5.150000000E2
3.762000000E0	1.670000000E2	-5.110000000E2
3.812166667E0	1.680000000E2	-5.080000000E2
3.862333333E0	1.680000000E2	-5.080000000E2
3.912500000E0	1.680000000E2	-5.080000000E2
3.962666667E0	1.690000000E2	-5.080000000E2
4.012833333E0	1.720000000E2	-5.050000000E2
4.063000000E0	1.720000000E2	-5.050000000E2
4.113166667E0	1.760000000E2	-4.950000000E2
4.163333333E0	1.770000000E2	-4.830000000E2
4.213855556E0	1.820000000E2	-4.690000000E2
4.263900000E0	1.860000000E2	-4.580000000E2
4.314144444E0	1.920000000E2	-4.460000000E2
4.364266667E0	1.940000000E2	-4.270000000E2
