neck
t	x	y
0.000000000E0	2.100000000E2	6.500000000E1
5.040000000E-2	2.120000000E2	6.400000000E1
1.005444444E-1	2.220000000E2	5.500000000E1
1.506888889E-1	2.330000000E2	4.700000000E1
2.010222222E-1	2.410000000E2	4.300000000E1
2.510888889E-1	2.550000000E2	4.300000000E1
3.011555556E-1	2.640000000E2	5.500000000E1
3.513333333E-1	2.720000000E2	6.400000000E1
4.015111111E-1	2.830000000E2	8.400000000E1
4.518777778E-1	2.860000000E2	9.100000000E1
5.016888889E-1	2.930000000E2	1.040000000E2
5.520777778E-1	3.020000000E2	1.200000000E2
6.021222222E-1	3.000000000E2	1.270000000E2
6.525111111E-1	3.120000000E2	1.380000000E2
7.024666667E-1	3.110000000E2	1.460000000E2
7.526555556E-1	3.180000000E2	1.410000000E2
8.027444444E-1	3.280000000E2	1.410000000E2
8.528333333E-1	3.280000000E2	1.450000000E2
9.030888889E-1	3.240000000E2	1.370000000E2
9.533444444E-1	3.300000000E2	1.370000000E2
1.003422222E0	3.250000000E2	1.350000000E2
1.053800000E0	3.240000000E2	1.230000000E2
1.103966667E0	3.240000000E2	1.120000000E2
1.153888889E0	3.210000000E2	1.030000000E2
1.204088889E0	3.170000000E2	1.030000000E2
1.254288889E0	3.060000000E2	9.800000000E1
1.304355556E0	3.010000000E2	1.090000000E2
1.354322222E0	2.960000000E2	1.190000000E2
1.404477778E0	2.900000000E2	1.330000000E2
1.454633333E0	2.840000000E2	1.450000000E2
1.505177778E0	2.760000000E2	1.600000000E2
1.555233333E0	2.700000000E2	1.670000000E2
1.605422222E0	2.610000000E2	1.800000000E2
1.655500000E0	2.640000000E2	1.850000000E2
1.705800000E0	2.600000000E2	1.830000000E2
1.755855556E0	2.540000000E2	1.830000000E2
1.805911111E0	2.560000000E2	1.830000000E2
1.856177778E0	2.540000000E2	1.790000000E2
1.906300000E0	2.520000000E2	1.690000000E2
1.956422222E0	2.500000000E2	1.640000000E2
2.006544444E0	2.520000000E2	1.600000000E2
2.056788889E0	2.520000000E2	1.490000000E2
2.107033333E0	2.570000000E2	1.490000000E2
2.157277778E0	2.560000000E2	1.370000000E2
2.207377778E0	2.650000000E2	1.380000000E2
2.257477778E0	2.640000000E2	1.400000000E2
2.307811111E0	2.680000000E2	1.450000000E2
2.357822222E0	2.660000000E2	1.530000000E2
2.407944444E0	2.730000000E2	1.630000000E2
2.458277778E0	2.780000000E2	1.750000000E2
2.508466667E0	2.840000000E2	1.850000000E2
2.558466667E0	2.820000000E2	1.950000000E2
2.608466667E0	2.840000000E2	1.960000000E2
2.658700000E0	2.850000000E2	2.000000000E2
2.708933333E0	2.850000000E2	1.940000000E2
2.758800000E0	2.880000000E2	1.950000000E2
2.809233333E0	2.880000000E2	1.890000000E2
2.859122222E0	2.840000000E2	1.870000000E2
2.909744444E0	2.860000000E2	1.780000000E2
2.959444444E0	2.820000000E2	1.770000000E2
3.009900000E0	2.800000000E2	1.680000000E2
3.059977778E0	2.790000000E2	1.670000000E2
3.110055556E0	2.640000000E2	1.600000000E2
3.160433333E0	2.640000000E2	1.710000000E2
3.210811111E0	2.520000000E2	1.740000000E2
3.260622222E0	2.520000000E2	1.910000000E2
3.310844444E0	2.400000000E2	2.010000000E2
3.360922222E0	2.400000000E2	2.150000000E2
3.411000000E0	2.360000000E2	2.220000000E2
3.461244444E0	2.290000000E2	2.290000000E2
3.511488889E0	2.280000000E2	2.280000000E2
3.561577778E0	2.230000000E2	2.330000000E2
3.611977778E0	2.180000000E2	2.340000000E2
3.661977778E0	2.200000000E2	2.360000000E2
3.712266667E0	2.170000000E2	2.300000000E2
3.762000000E0	2.160000000E2	2.270000000E2
3.812166667E0	2.150000000E2	2.220000000E2
3.862333333E0	2.170000000E2	2.150000000E2
3.912500000E0	2.220000000E2	2.100000000E2
3.962666667E0	2.190000000E2	2.030000000E2
4.012833333E0	2.220000000E2	1.980000000E2
4.063000000E0	2.280000000E2	1.920000000E2
4.113166667E0	2.360000000E2	1.930000000E2
4.163333333E0	2.390000000E2	2.010000000E2
4.213855556E0	2.420000000E2	2.060000000E2
4.263900000E0	2.440000000E2	2.160000000E2
4.314144444E0	2.460000000E2	2.260000000E2
4.364266667E0	2.500000000E2	2.360000000E2
