rt_Foot
t	x	y
0.000000000E0	2.960000000E2	-1.279000000E3
5.040000000E-2	2.960000000E2	-1.279000000E3
1.005444444E-1	2.960000000E2	-1.279000000E3
1.506888889E-1	2.960000000E2	-1.279000000E3
2.010222222E-1	2.960000000E2	-1.277000000E3
2.510888889E-1	2.960000000E2	-1.277000000E3
3.011555556E-1	2.960000000E2	-1.277000000E3
3.513333333E-1	2.960000000E2	-1.277000000E3
4.015111111E-1	2.960000000E2	-1.286000000E3
4.518777778E-1	2.960000000E2	-1.290000000E3
5.016888889E-1	2.990000000E2	-1.294000000E3
5.520777778E-1	3.030000000E2	-1.296000000E3
6.021222222E-1	3.030000000E2	-1.299000000E3
6.525111111E-1	3.020000000E2	-1.304000000E3
7.024666667E-1	3.020000000E2	-1.305000000E3
7.526555556E-1	3.010000000E2	-1.309000000E3
8.027444444E-1	3.010000000E2	-1.309000000E3
8.528333333E-1	3.010000000E2	-1.309000000E3
9.030888889E-1	3.010000000E2	-1.307000000E3
9.533444444E-1	3.010000000E2	-1.301000000E3
1.003422222E0	2.960000000E2	-1.297000000E3
1.053800000E0	2.960000000E2	-1.297000000E3
1.103966667E0	2.970000000E2	-1.293000000E3
1.153888889E0	3.000000000E2	-1.287000000E3
1.204088889E0	3.010000000E2	-1.278000000E3
1.254288889E0	3.010000000E2	-1.267000000E3
1.304355556E0	3.030000000E2	-1.245000000E3
1.354322222E0	3.100000000E2	-1.215000000E3
1.404477778E0	3.140000000E2	-1.185000000E3
1.454633333E0	3.080000000E2	-1.147000000E3
1.505177778E0	3.010000000E2	-1.105000000E3
1.555233333E0	2.950000000E2	-1.059000000E3
1.605422222E0	2.920000000E2	-9.970000000E2
1.655500000E0	3.020000000E2	-9.450000000E2
1.705800000E0	3.080000000E2	-9.130000000E2
1.755855556E0	3.170000000E2	-8.840000000E2
1.805911111E0	3.170000000E2	-8.680000000E2
1.856177778E0	3.150000000E2	-8.640000000E2
1.906300000E0	3.090000000E2	-8.650000000E2
1.956422222E0	3.020000000E2	-8.670000000E2
2.006544444E0	2.910000000E2	-8.790000000E2
2.056788889E0	2.850000000E2	-8.850000000E2
2.107033333E0	2.850000000E2	-8.850000000E2
2.157277778E0	2.840000000E2	-8.870000000E2
2.207377778E0	2.840000000E2	-8.870000000E2
2.257477778E0	2.810000000E2	-8.910000000E2
2.307811111E0	2.770000000E2	-8.930000000E2
2.357822222E0	2.810000000E2	-8.950000000E2
2.407944444E0	2.870000000E2	-8.970000000E2
2.458277778E0	2.830000000E2	-8.990000000E2
2.508466667E0	2.850000000E2	-8.950000000E2
2.558466667E0	2.850000000E2	-8.990000000E2
2.608466667E0	2.850000000E2	-9.010000000E2
2.658700000E0	2.850000000E2	-9.050000000E2
2.708933333E0	2.830000000E2	-9.030000000E2
2.758800000E0	2.830000000E2	-9.030000000E2
2.809233333E0	2.830000000E2	-9.030000000E2
2.859122222E0	2.830000000E2	-9.030000000E2
2.909744444E0	2.830000000E2	-8.990000000E2
2.959444444E0	2.830000000E2	-8.990000000E2
3.009900000E0	2.780000000E2	-8.940000000E2
3.059977778E0	2.810000000E2	-8.910000000E2
3.110055556E0	2.810000000E2	-8.830000000E2
3.160433333E0	2.820000000E2	-8.740000000E2
3.210811111E0	2.830000000E2	-8.510000000E2
3.260622222E0	2.840000000E2	-8.320000000E2
3.310844444E0	2.860000000E2	-8.030000000E2
3.360922222E0	2.850000000E2	-7.750000000E2
3.411000000E0	2.780000000E2	-7.350000000E2
3.461244444E0	2.710000000E2	-6.930000000E2
3.511488889E0	2.680000000E2	-6.540000000E2
3.561577778E0	2.750000000E2	-6.300000000E2
3.611977778E0	2.760000000E2	-6.070000000E2
3.661977778E0	2.760000000E2	-6.000000000E2
3.712266667E0	2.710000000E2	-5.990000000E2
3.762000000E0	2.650000000E2	-5.990000000E2
3.812166667E0	2.550000000E2	-6.060000000E2
3.862333333E0	2.530000000E2	-6.100000000E2
3.912500000E0	2.550000000E2	-6.350000000E2
3.962666667E0	2.550000000E2	-6.330000000E2
4.012833333E0	2.550000000E2	-6.330000000E2
4.063000000E0	2.550000000E2	-6.330000000E2
4.113166667E0	2.550000000E2	-6.330000000E2
4.163333333E0	2.550000000E2	-6.340000000E2
4.213855556E0	2.550000000E2	-6.340000000E2
4.263900000E0	2.550000000E2	-6.340000000E2
4.314144444E0	2.550000000E2	-6.340000000E2
4.364266667E0	2.550000000E2	-6.340000000E2
