rt_hip
t	x	y
0.000000000E0	3.640000000E2	-6.100000000E2
5.040000000E-2	3.680000000E2	-6.090000000E2
1.005444444E-1	3.720000000E2	-6.140000000E2
1.506888889E-1	3.800000000E2	-6.110000000E2
2.010222222E-1	3.840000000E2	-6.100000000E2
2.510888889E-1	3.940000000E2	-5.960000000E2
3.011555556E-1	3.990000000E2	-5.820000000E2
3.513333333E-1	4.040000000E2	-5.580000000E2
4.015111111E-1	4.090000000E2	-5.400000000E2
4.518777778E-1	4.100000000E2	-5.190000000E2
5.016888889E-1	4.160000000E2	-4.980000000E2
5.520777778E-1	4.170000000E2	-4.830000000E2
6.021222222E-1	4.180000000E2	-4.690000000E2
6.525111111E-1	4.200000000E2	-4.580000000E2
7.024666667E-1	4.200000000E2	-4.500000000E2
7.526555556E-1	4.160000000E2	-4.490000000E2
8.027444444E-1	4.140000000E2	-4.450000000E2
8.528333333E-1	4.040000000E2	-4.490000000E2
9.030888889E-1	4.020000000E2	-4.450000000E2
9.533444444E-1	3.960000000E2	-4.470000000E2
1.003422222E0	3.920000000E2	-4.450000000E2
1.053800000E0	3.840000000E2	-4.480000000E2
1.103966667E0	3.780000000E2	-4.490000000E2
1.153888889E0	3.780000000E2	-4.430000000E2
1.204088889E0	3.740000000E2	-4.430000000E2
1.254288889E0	3.660000000E2	-4.380000000E2
1.304355556E0	3.530000000E2	-4.130000000E2
1.354322222E0	3.550000000E2	-3.970000000E2
1.404477778E0	3.460000000E2	-3.870000000E2
1.454633333E0	3.420000000E2	-3.720000000E2
1.505177778E0	3.430000000E2	-3.640000000E2
1.555233333E0	3.470000000E2	-3.510000000E2
1.605422222E0	3.450000000E2	-3.410000000E2
1.655500000E0	3.480000000E2	-3.370000000E2
1.705800000E0	3.490000000E2	-3.360000000E2
1.755855556E0	3.560000000E2	-3.400000000E2
1.805911111E0	3.580000000E2	-3.400000000E2
1.856177778E0	3.580000000E2	-3.420000000E2
1.906300000E0	3.600000000E2	-3.390000000E2
1.956422222E0	3.660000000E2	-3.450000000E2
2.006544444E0	3.640000000E2	-3.430000000E2
2.056788889E0	3.700000000E2	-3.450000000E2
2.107033333E0	3.680000000E2	-3.480000000E2
2.157277778E0	3.720000000E2	-3.390000000E2
2.207377778E0	3.730000000E2	-3.370000000E2
2.257477778E0	3.710000000E2	-3.280000000E2
2.307811111E0	3.720000000E2	-3.140000000E2
2.357822222E0	3.720000000E2	-3.000000000E2
2.407944444E0	3.730000000E2	-2.880000000E2
2.458277778E0	3.700000000E2	-2.790000000E2
2.508466667E0	3.680000000E2	-2.630000000E2
2.558466667E0	3.680000000E2	-2.550000000E2
2.608466667E0	3.640000000E2	-2.490000000E2
2.658700000E0	3.600000000E2	-2.470000000E2
2.708933333E0	3.560000000E2	-2.490000000E2
2.758800000E0	3.520000000E2	-2.500000000E2
2.809233333E0	3.460000000E2	-2.510000000E2
2.859122222E0	3.380000000E2	-2.470000000E2
2.909744444E0	3.370000000E2	-2.490000000E2
2.959444444E0	3.300000000E2	-2.530000000E2
3.009900000E0	3.270000000E2	-2.540000000E2
3.059977778E0	3.220000000E2	-2.530000000E2
3.110055556E0	3.180000000E2	-2.560000000E2
3.160433333E0	3.100000000E2	-2.430000000E2
3.210811111E0	3.090000000E2	-2.300000000E2
3.260622222E0	3.060000000E2	-2.150000000E2
3.310844444E0	3.030000000E2	-2.010000000E2
3.360922222E0	2.980000000E2	-1.940000000E2
3.411000000E0	2.970000000E2	-1.850000000E2
3.461244444E0	2.950000000E2	-1.830000000E2
3.511488889E0	2.980000000E2	-1.800000000E2
3.561577778E0	2.990000000E2	-1.750000000E2
3.611977778E0	2.980000000E2	-1.790000000E2
3.661977778E0	3.020000000E2	-1.730000000E2
3.712266667E0	3.020000000E2	-1.760000000E2
3.762000000E0	3.060000000E2	-1.740000000E2
3.812166667E0	3.070000000E2	-1.770000000E2
3.862333333E0	3.070000000E2	-1.780000000E2
3.912500000E0	3.080000000E2	-1.810000000E2
3.962666667E0	3.110000000E2	-1.880000000E2
4.012833333E0	3.110000000E2	-1.850000000E2
4.063000000E0	3.160000000E2	-1.870000000E2
4.113166667E0	3.220000000E2	-1.820000000E2
4.163333333E0	3.230000000E2	-1.740000000E2
4.213855556E0	3.270000000E2	-1.610000000E2
4.263900000E0	3.270000000E2	-1.510000000E2
4.314144444E0	3.320000000E2	-1.330000000E2
4.364266667E0	3.330000000E2	-1.250000000E2
