rt_knee
t	x	y
0.000000000E0	2.690000000E2	-9.110000000E2
5.040000000E-2	2.690000000E2	-9.150000000E2
1.005444444E-1	2.690000000E2	-9.200000000E2
1.506888889E-1	2.760000000E2	-9.240000000E2
2.010222222E-1	2.760000000E2	-9.240000000E2
2.510888889E-1	2.790000000E2	-9.270000000E2
3.011555556E-1	2.800000000E2	-9.270000000E2
3.513333333E-1	2.800000000E2	-9.180000000E2
4.015111111E-1	2.850000000E2	-9.180000000E2
4.518777778E-1	2.870000000E2	-9.140000000E2
5.016888889E-1	2.910000000E2	-9.070000000E2
5.520777778E-1	2.910000000E2	-9.040000000E2
6.021222222E-1	2.940000000E2	-8.970000000E2
6.525111111E-1	2.940000000E2	-8.970000000E2
7.024666667E-1	2.980000000E2	-9.010000000E2
7.526555556E-1	3.020000000E2	-9.010000000E2
8.027444444E-1	3.050000000E2	-9.010000000E2
8.528333333E-1	3.060000000E2	-9.040000000E2
9.030888889E-1	3.020000000E2	-9.010000000E2
9.533444444E-1	2.990000000E2	-9.010000000E2
1.003422222E0	2.970000000E2	-8.970000000E2
1.053800000E0	2.940000000E2	-8.900000000E2
1.103966667E0	2.940000000E2	-8.900000000E2
1.153888889E0	2.900000000E2	-8.870000000E2
1.204088889E0	2.900000000E2	-8.790000000E2
1.254288889E0	2.890000000E2	-8.740000000E2
1.304355556E0	2.870000000E2	-8.560000000E2
1.354322222E0	2.850000000E2	-8.360000000E2
1.404477778E0	2.850000000E2	-8.130000000E2
1.454633333E0	2.890000000E2	-7.830000000E2
1.505177778E0	2.830000000E2	-7.650000000E2
1.555233333E0	2.830000000E2	-7.440000000E2
1.605422222E0	2.780000000E2	-7.250000000E2
1.655500000E0	2.750000000E2	-7.010000000E2
1.705800000E0	2.760000000E2	-6.890000000E2
1.755855556E0	2.760000000E2	-6.760000000E2
1.805911111E0	2.750000000E2	-6.600000000E2
1.856177778E0	2.710000000E2	-6.480000000E2
1.906300000E0	2.670000000E2	-6.320000000E2
1.956422222E0	2.670000000E2	-6.250000000E2
2.006544444E0	2.660000000E2	-6.180000000E2
2.056788889E0	2.660000000E2	-6.200000000E2
2.107033333E0	2.670000000E2	-6.300000000E2
2.157277778E0	2.680000000E2	-6.350000000E2
2.207377778E0	2.690000000E2	-6.350000000E2
2.257477778E0	2.750000000E2	-6.350000000E2
2.307811111E0	2.730000000E2	-6.320000000E2
2.357822222E0	2.790000000E2	-6.310000000E2
2.407944444E0	2.790000000E2	-6.260000000E2
2.458277778E0	2.790000000E2	-6.170000000E2
2.508466667E0	2.760000000E2	-6.100000000E2
2.558466667E0	2.730000000E2	-6.010000000E2
2.608466667E0	2.710000000E2	-5.940000000E2
2.658700000E0	2.760000000E2	-6.060000000E2
2.708933333E0	2.760000000E2	-6.060000000E2
2.758800000E0	2.790000000E2	-6.130000000E2
2.809233333E0	2.790000000E2	-6.130000000E2
2.859122222E0	2.720000000E2	-6.070000000E2
2.909744444E0	2.720000000E2	-6.070000000E2
2.959444444E0	2.720000000E2	-6.070000000E2
3.009900000E0	2.690000000E2	-6.060000000E2
3.059977778E0	2.650000000E2	-6.050000000E2
3.110055556E0	2.640000000E2	-5.980000000E2
3.160433333E0	2.600000000E2	-5.850000000E2
3.210811111E0	2.600000000E2	-5.720000000E2
3.260622222E0	2.570000000E2	-5.550000000E2
3.310844444E0	2.570000000E2	-5.400000000E2
3.360922222E0	2.580000000E2	-5.250000000E2
3.411000000E0	2.490000000E2	-5.090000000E2
3.461244444E0	2.470000000E2	-5.000000000E2
3.511488889E0	2.440000000E2	-4.830000000E2
3.561577778E0	2.440000000E2	-4.750000000E2
3.611977778E0	2.430000000E2	-4.590000000E2
3.661977778E0	2.390000000E2	-4.480000000E2
3.712266667E0	2.410000000E2	-4.410000000E2
3.762000000E0	2.430000000E2	-4.290000000E2
3.812166667E0	2.450000000E2	-4.210000000E2
3.862333333E0	2.460000000E2	-4.180000000E2
3.912500000E0	2.540000000E2	-4.180000000E2
3.962666667E0	2.550000000E2	-4.320000000E2
4.012833333E0	2.550000000E2	-4.320000000E2
4.063000000E0	2.560000000E2	-4.360000000E2
4.113166667E0	2.570000000E2	-4.360000000E2
4.163333333E0	2.580000000E2	-4.310000000E2
4.213855556E0	2.580000000E2	-4.290000000E2
4.263900000E0	2.580000000E2	-4.270000000E2
4.314144444E0	2.590000000E2	-4.210000000E2
4.364266667E0	2.610000000E2	-4.130000000E2
