rt_shoulder
t	x	y
0.000000000E0	4.260000000E2	1.000000000E0
5.040000000E-2	4.300000000E2	-1.100000000E1
1.005444444E-1	4.370000000E2	-2.000000000E1
1.506888889E-1	4.400000000E2	-2.500000000E1
2.010222222E-1	4.410000000E2	-3.200000000E1
2.510888889E-1	4.480000000E2	-3.500000000E1
3.011555556E-1	4.580000000E2	-2.700000000E1
3.513333333E-1	4.600000000E2	-2.000000000E1
4.015111111E-1	4.700000000E2	-9.000000000E0
4.518777778E-1	4.750000000E2	5.000000000E0
5.016888889E-1	4.750000000E2	1.700000000E1
5.520777778E-1	4.910000000E2	3.700000000E1
6.021222222E-1	4.880000000E2	4.500000000E1
6.525111111E-1	4.950000000E2	5.900000000E1
7.024666667E-1	5.040000000E2	6.300000000E1
7.526555556E-1	5.080000000E2	6.300000000E1
8.027444444E-1	5.080000000E2	6.000000000E1
8.528333333E-1	5.050000000E2	6.100000000E1
9.030888889E-1	5.060000000E2	5.600000000E1
9.533444444E-1	5.040000000E2	4.900000000E1
1.003422222E0	5.040000000E2	4.500000000E1
1.053800000E0	5.000000000E2	4.100000000E1
1.103966667E0	4.950000000E2	3.200000000E1
1.153888889E0	4.940000000E2	2.300000000E1
1.204088889E0	4.800000000E2	1.700000000E1
1.254288889E0	4.740000000E2	1.700000000E1
1.304355556E0	4.660000000E2	2.700000000E1
1.354322222E0	4.620000000E2	3.700000000E1
1.404477778E0	4.580000000E2	4.900000000E1
1.454633333E0	4.450000000E2	6.800000000E1
1.505177778E0	4.420000000E2	8.100000000E1
1.555233333E0	4.310000000E2	9.900000000E1
1.605422222E0	4.340000000E2	1.110000000E2
1.655500000E0	4.230000000E2	1.170000000E2
1.705800000E0	4.240000000E2	1.190000000E2
1.755855556E0	4.180000000E2	1.210000000E2
1.805911111E0	4.180000000E2	1.150000000E2
1.856177778E0	4.160000000E2	1.090000000E2
1.906300000E0	4.120000000E2	1.010000000E2
1.956422222E0	4.110000000E2	1.050000000E2
2.006544444E0	4.120000000E2	1.000000000E2
2.056788889E0	4.120000000E2	9.000000000E1
2.107033333E0	4.130000000E2	8.300000000E1
2.157277778E0	4.140000000E2	7.700000000E1
2.207377778E0	4.100000000E2	7.400000000E1
2.257477778E0	4.080000000E2	7.700000000E1
2.307811111E0	4.140000000E2	8.600000000E1
2.357822222E0	4.230000000E2	9.400000000E1
2.407944444E0	4.200000000E2	1.090000000E2
2.458277778E0	4.210000000E2	1.130000000E2
2.508466667E0	4.210000000E2	1.240000000E2
2.558466667E0	4.260000000E2	1.330000000E2
2.608466667E0	4.250000000E2	1.330000000E2
2.658700000E0	4.270000000E2	1.360000000E2
2.708933333E0	4.280000000E2	1.340000000E2
2.758800000E0	4.240000000E2	1.330000000E2
2.809233333E0	4.260000000E2	1.270000000E2
2.859122222E0	4.240000000E2	1.240000000E2
2.909744444E0	4.200000000E2	1.200000000E2
2.959444444E0	4.120000000E2	1.090000000E2
3.009900000E0	4.120000000E2	1.050000000E2
3.059977778E0	4.050000000E2	1.030000000E2
3.110055556E0	3.960000000E2	9.700000000E1
3.160433333E0	3.920000000E2	1.010000000E2
3.210811111E0	3.860000000E2	1.150000000E2
3.260622222E0	3.820000000E2	1.340000000E2
3.310844444E0	3.710000000E2	1.450000000E2
3.360922222E0	3.680000000E2	1.570000000E2
3.411000000E0	3.660000000E2	1.650000000E2
3.461244444E0	3.620000000E2	1.750000000E2
3.511488889E0	3.540000000E2	1.770000000E2
3.561577778E0	3.480000000E2	1.810000000E2
3.611977778E0	3.470000000E2	1.840000000E2
3.661977778E0	3.460000000E2	1.790000000E2
3.712266667E0	3.450000000E2	1.800000000E2
3.762000000E0	3.440000000E2	1.750000000E2
3.812166667E0	3.430000000E2	1.740000000E2
3.862333333E0	3.420000000E2	1.670000000E2
3.912500000E0	3.390000000E2	1.630000000E2
3.962666667E0	3.440000000E2	1.550000000E2
4.012833333E0	3.440000000E2	1.450000000E2
4.063000000E0	3.460000000E2	1.410000000E2
4.113166667E0	3.520000000E2	1.470000000E2
4.163333333E0	3.520000000E2	1.450000000E2
4.213855556E0	3.580000000E2	1.530000000E2
4.263900000E0	3.580000000E2	1.660000000E2
4.314144444E0	3.640000000E2	1.740000000E2
4.364266667E0	3.640000000E2	1.870000000E2
