waist
t	x	y
0.000000000E0	1.920000000E2	-4.860000000E2
5.040000000E-2	1.960000000E2	-4.890000000E2
1.005444444E-1	2.050000000E2	-4.890000000E2
1.506888889E-1	2.100000000E2	-4.910000000E2
2.010222222E-1	2.190000000E2	-4.880000000E2
2.510888889E-1	2.270000000E2	-4.840000000E2
3.011555556E-1	2.400000000E2	-4.680000000E2
3.513333333E-1	2.430000000E2	-4.540000000E2
4.015111111E-1	2.500000000E2	-4.360000000E2
4.518777778E-1	2.560000000E2	-4.180000000E2
5.016888889E-1	2.600000000E2	-3.980000000E2
5.520777778E-1	2.640000000E2	-3.880000000E2
6.021222222E-1	2.670000000E2	-3.700000000E2
6.525111111E-1	2.650000000E2	-3.580000000E2
7.024666667E-1	2.680000000E2	-3.580000000E2
7.526555556E-1	2.660000000E2	-3.570000000E2
8.027444444E-1	2.640000000E2	-3.570000000E2
8.528333333E-1	2.680000000E2	-3.540000000E2
9.030888889E-1	2.630000000E2	-3.540000000E2
9.533444444E-1	2.660000000E2	-3.510000000E2
1.003422222E0	2.650000000E2	-3.470000000E2
1.053800000E0	2.600000000E2	-3.460000000E2
1.103966667E0	2.530000000E2	-3.520000000E2
1.153888889E0	2.480000000E2	-3.500000000E2
1.204088889E0	2.470000000E2	-3.500000000E2
1.254288889E0	2.410000000E2	-3.460000000E2
1.304355556E0	2.380000000E2	-3.330000000E2
1.354322222E0	2.310000000E2	-3.180000000E2
1.404477778E0	2.260000000E2	-3.030000000E2
1.454633333E0	2.250000000E2	-2.940000000E2
1.505177778E0	2.250000000E2	-2.810000000E2
1.555233333E0	2.200000000E2	-2.680000000E2
1.605422222E0	2.240000000E2	-2.660000000E2
1.655500000E0	2.240000000E2	-2.610000000E2
1.705800000E0	2.290000000E2	-2.500000000E2
1.755855556E0	2.280000000E2	-2.550000000E2
1.805911111E0	2.280000000E2	-2.490000000E2
1.856177778E0	2.310000000E2	-2.460000000E2
1.906300000E0	2.340000000E2	-2.440000000E2
1.956422222E0	2.360000000E2	-2.510000000E2
2.006544444E0	2.390000000E2	-2.470000000E2
2.056788889E0	2.400000000E2	-2.500000000E2
2.107033333E0	2.420000000E2	-2.500000000E2
2.157277778E0	2.480000000E2	-2.510000000E2
2.207377778E0	2.510000000E2	-2.500000000E2
2.257477778E0	2.500000000E2	-2.430000000E2
2.307811111E0	2.530000000E2	-2.320000000E2
2.357822222E0	2.550000000E2	-2.180000000E2
2.407944444E0	2.530000000E2	-2.070000000E2
2.458277778E0	2.560000000E2	-1.960000000E2
2.508466667E0	2.550000000E2	-1.860000000E2
2.558466667E0	2.540000000E2	-1.830000000E2
2.608466667E0	2.520000000E2	-1.770000000E2
2.658700000E0	2.460000000E2	-1.760000000E2
2.708933333E0	2.500000000E2	-1.760000000E2
2.758800000E0	2.470000000E2	-1.780000000E2
2.809233333E0	2.470000000E2	-1.760000000E2
2.859122222E0	2.410000000E2	-1.760000000E2
2.909744444E0	2.380000000E2	-1.710000000E2
2.959444444E0	2.350000000E2	-1.740000000E2
3.009900000E0	2.310000000E2	-1.820000000E2
3.059977778E0	2.280000000E2	-1.860000000E2
3.110055556E0	2.260000000E2	-1.890000000E2
3.160433333E0	2.160000000E2	-1.800000000E2
3.210811111E0	2.140000000E2	-1.580000000E2
3.260622222E0	2.080000000E2	-1.460000000E2
3.310844444E0	2.060000000E2	-1.360000000E2
3.360922222E0	2.020000000E2	-1.270000000E2
3.411000000E0	2.030000000E2	-1.200000000E2
3.461244444E0	2.000000000E2	-1.150000000E2
3.511488889E0	1.980000000E2	-1.070000000E2
3.561577778E0	2.000000000E2	-1.070000000E2
3.611977778E0	1.980000000E2	-1.060000000E2
3.661977778E0	2.020000000E2	-9.800000000E1
3.712266667E0	2.000000000E2	-9.600000000E1
3.762000000E0	2.050000000E2	-9.700000000E1
3.812166667E0	2.040000000E2	-1.010000000E2
3.862333333E0	2.080000000E2	-1.000000000E2
3.912500000E0	2.080000000E2	-1.070000000E2
3.962666667E0	2.120000000E2	-1.080000000E2
4.012833333E0	2.160000000E2	-1.120000000E2
4.063000000E0	2.160000000E2	-1.120000000E2
4.113166667E0	2.220000000E2	-1.080000000E2
4.163333333E0	2.300000000E2	-9.800000000E1
4.213855556E0	2.300000000E2	-9.200000000E1
4.263900000E0	2.340000000E2	-8.200000000E1
4.314144444E0	2.420000000E2	-6.400000000E1
4.364266667E0	2.400000000E2	-5.700000000E1
