left_elbow
t	x	y
0.000000000E0	6.510000000E2	-7.400000000E1
7.003333333E-2	6.500000000E2	-7.400000000E1
1.400777778E-1	6.470000000E2	-7.900000000E1
2.101111111E-1	6.440000000E2	-8.100000000E1
2.801555556E-1	6.410000000E2	-8.200000000E1
3.501888889E-1	6.360000000E2	-8.100000000E1
4.202222222E-1	6.310000000E2	-7.700000000E1
4.902666667E-1	6.260000000E2	-7.400000000E1
5.603000000E-1	6.260000000E2	-7.200000000E1
6.303333333E-1	6.260000000E2	-7.200000000E1
7.003777778E-1	6.260000000E2	-7.200000000E1
7.704111111E-1	6.280000000E2	-7.500000000E1
8.404555556E-1	6.360000000E2	-7.900000000E1
9.104888889E-1	6.440000000E2	-7.900000000E1
9.805222222E-1	6.480000000E2	-7.500000000E1
1.050566667E0	6.500000000E2	-7.300000000E1
1.120600000E0	6.530000000E2	-7.200000000E1
1.190644444E0	6.560000000E2	-7.100000000E1
1.260677778E0	6.580000000E2	-7.100000000E1
1.330711111E0	6.580000000E2	-7.100000000E1
1.400755556E0	6.570000000E2	-7.600000000E1
1.470788889E0	6.510000000E2	-8.000000000E1
1.540833333E0	6.510000000E2	-8.000000000E1
1.610866667E0	6.460000000E2	-8.000000000E1
