left_foot
t	x	y
0.000000000E0	6.730000000E2	-5.050000000E2
7.003333333E-2	6.740000000E2	-4.970000000E2
1.400777778E-1	6.830000000E2	-4.850000000E2
2.101111111E-1	6.850000000E2	-4.780000000E2
2.801555556E-1	6.850000000E2	-4.790000000E2
3.501888889E-1	6.850000000E2	-4.790000000E2
4.202222222E-1	6.850000000E2	-4.790000000E2
4.902666667E-1	6.850000000E2	-4.790000000E2
5.603000000E-1	6.850000000E2	-4.790000000E2
6.303333333E-1	6.840000000E2	-4.780000000E2
7.003777778E-1	6.840000000E2	-4.730000000E2
7.704111111E-1	6.840000000E2	-4.650000000E2
8.404555556E-1	6.870000000E2	-4.570000000E2
9.104888889E-1	6.880000000E2	-4.400000000E2
9.805222222E-1	6.880000000E2	-4.100000000E2
1.050566667E0	6.880000000E2	-3.980000000E2
1.120600000E0	6.840000000E2	-3.920000000E2
1.190644444E0	6.830000000E2	-4.010000000E2
1.260677778E0	6.780000000E2	-4.060000000E2
1.330711111E0	6.780000000E2	-4.020000000E2
1.400755556E0	6.810000000E2	-3.950000000E2
1.470788889E0	6.810000000E2	-3.950000000E2
1.540833333E0	6.810000000E2	-3.950000000E2
1.610866667E0	6.810000000E2	-3.950000000E2
