left_hand
t	x	y
0.000000000E0	6.020000000E2	-1.860000000E2
7.003333333E-2	6.020000000E2	-1.870000000E2
1.400777778E-1	6.050000000E2	-1.910000000E2
2.101111111E-1	6.000000000E2	-1.950000000E2
2.801555556E-1	6.000000000E2	-1.950000000E2
3.501888889E-1	5.960000000E2	-1.880000000E2
4.202222222E-1	5.960000000E2	-1.840000000E2
4.902666667E-1	5.920000000E2	-1.760000000E2
5.603000000E-1	5.910000000E2	-1.670000000E2
6.303333333E-1	5.930000000E2	-1.630000000E2
7.003777778E-1	5.950000000E2	-1.630000000E2
7.704111111E-1	5.980000000E2	-1.620000000E2
8.404555556E-1	6.050000000E2	-1.640000000E2
9.104888889E-1	6.080000000E2	-1.640000000E2
9.805222222E-1	6.120000000E2	-1.620000000E2
1.050566667E0	6.150000000E2	-1.580000000E2
1.120600000E0	6.160000000E2	-1.570000000E2
1.190644444E0	6.200000000E2	-1.560000000E2
1.260677778E0	6.220000000E2	-1.560000000E2
1.330711111E0	6.220000000E2	-1.560000000E2
1.400755556E0	6.220000000E2	-1.630000000E2
1.470788889E0	6.200000000E2	-1.630000000E2
1.540833333E0	6.160000000E2	-1.620000000E2
1.610866667E0	6.120000000E2	-1.610000000E2
