left_hip
t	x	y
0.000000000E0	6.940000000E2	-1.780000000E2
7.003333333E-2	6.940000000E2	-1.780000000E2
1.400777778E-1	6.910000000E2	-1.800000000E2
2.101111111E-1	6.850000000E2	-1.820000000E2
2.801555556E-1	6.780000000E2	-1.800000000E2
3.501888889E-1	6.770000000E2	-1.750000000E2
4.202222222E-1	6.690000000E2	-1.700000000E2
4.902666667E-1	6.690000000E2	-1.700000000E2
5.603000000E-1	6.720000000E2	-1.680000000E2
6.303333333E-1	6.720000000E2	-1.680000000E2
7.003777778E-1	6.720000000E2	-1.680000000E2
7.704111111E-1	6.720000000E2	-1.680000000E2
8.404555556E-1	6.800000000E2	-1.660000000E2
9.104888889E-1	6.800000000E2	-1.660000000E2
9.805222222E-1	6.880000000E2	-1.640000000E2
1.050566667E0	6.920000000E2	-1.580000000E2
1.120600000E0	6.920000000E2	-1.580000000E2
1.190644444E0	6.920000000E2	-1.530000000E2
1.260677778E0	6.920000000E2	-1.530000000E2
1.330711111E0	6.880000000E2	-1.560000000E2
1.400755556E0	6.880000000E2	-1.560000000E2
1.470788889E0	6.880000000E2	-1.560000000E2
1.540833333E0	6.780000000E2	-1.560000000E2
1.610866667E0	6.780000000E2	-1.560000000E2
