Lt_Shl
t	x	y
0.000000000E0	6.700000000E2	4.300000000E1
7.003333333E-2	6.690000000E2	3.900000000E1
1.400777778E-1	6.650000000E2	3.400000000E1
2.101111111E-1	6.630000000E2	2.900000000E1
2.801555556E-1	6.570000000E2	2.500000000E1
3.501888889E-1	6.520000000E2	2.500000000E1
4.202222222E-1	6.480000000E2	2.500000000E1
4.902666667E-1	6.420000000E2	2.700000000E1
5.603000000E-1	6.420000000E2	2.700000000E1
6.303333333E-1	6.420000000E2	2.700000000E1
7.003777778E-1	6.440000000E2	2.300000000E1
7.704111111E-1	6.470000000E2	1.700000000E1
8.404555556E-1	6.560000000E2	1.500000000E1
9.104888889E-1	6.660000000E2	1.500000000E1
9.805222222E-1	6.670000000E2	1.500000000E1
1.050566667E0	6.710000000E2	1.900000000E1
1.120600000E0	6.740000000E2	1.800000000E1
1.190644444E0	6.740000000E2	1.800000000E1
1.260677778E0	6.740000000E2	1.800000000E1
1.330711111E0	6.740000000E2	1.300000000E1
1.400755556E0	6.710000000E2	9.000000000E0
1.470788889E0	6.660000000E2	7.000000000E0
1.540833333E0	6.640000000E2	1.000000000E0
1.610866667E0	6.550000000E2	3.000000000E0
