neck
t	x	y
0.000000000E0	7.680000000E2	7.300000000E1
7.003333333E-2	7.630000000E2	7.300000000E1
1.400777778E-1	7.620000000E2	7.100000000E1
2.101111111E-1	7.540000000E2	6.700000000E1
2.801555556E-1	7.490000000E2	6.500000000E1
3.501888889E-1	7.400000000E2	6.500000000E1
4.202222222E-1	7.320000000E2	6.500000000E1
4.902666667E-1	7.320000000E2	6.600000000E1
5.603000000E-1	7.270000000E2	6.700000000E1
6.303333333E-1	7.270000000E2	6.300000000E1
7.003777778E-1	7.280000000E2	5.900000000E1
7.704111111E-1	7.300000000E2	5.100000000E1
8.404555556E-1	7.340000000E2	4.900000000E1
9.104888889E-1	7.400000000E2	4.500000000E1
9.805222222E-1	7.450000000E2	4.500000000E1
1.050566667E0	7.460000000E2	4.500000000E1
1.120600000E0	7.540000000E2	4.600000000E1
1.190644444E0	7.510000000E2	4.600000000E1
1.260677778E0	7.510000000E2	4.600000000E1
1.330711111E0	7.470000000E2	4.300000000E1
1.400755556E0	7.440000000E2	3.900000000E1
1.470788889E0	7.350000000E2	3.600000000E1
1.540833333E0	7.310000000E2	3.500000000E1
1.610866667E0	7.250000000E2	3.500000000E1
