right_foot
t	x	y
0.000000000E0	7.000000000E2	-5.130000000E2
7.003333333E-2	7.000000000E2	-5.070000000E2
1.400777778E-1	7.000000000E2	-5.000000000E2
2.101111111E-1	7.000000000E2	-4.960000000E2
2.801555556E-1	7.050000000E2	-4.820000000E2
3.501888889E-1	7.090000000E2	-4.620000000E2
4.202222222E-1	7.220000000E2	-4.370000000E2
4.902666667E-1	7.220000000E2	-4.130000000E2
5.603000000E-1	7.100000000E2	-4.190000000E2
6.303333333E-1	7.060000000E2	-4.240000000E2
7.003777778E-1	6.960000000E2	-4.210000000E2
7.704111111E-1	6.960000000E2	-4.090000000E2
8.404555556E-1	6.980000000E2	-4.090000000E2
9.104888889E-1	7.000000000E2	-4.150000000E2
9.805222222E-1	7.000000000E2	-4.130000000E2
1.050566667E0	6.980000000E2	-4.120000000E2
1.120600000E0	6.980000000E2	-4.110000000E2
1.190644444E0	6.980000000E2	-4.070000000E2
1.260677778E0	6.980000000E2	-4.070000000E2
1.330711111E0	6.980000000E2	-4.010000000E2
1.400755556E0	6.960000000E2	-3.990000000E2
1.470788889E0	7.000000000E2	-3.940000000E2
1.540833333E0	7.000000000E2	-3.910000000E2
1.610866667E0	7.040000000E2	-3.710000000E2
