right_hand
t	x	y
0.000000000E0	8.360000000E2	-2.110000000E2
7.003333333E-2	8.300000000E2	-2.080000000E2
1.400777778E-1	8.230000000E2	-2.010000000E2
2.101111111E-1	8.230000000E2	-2.010000000E2
2.801555556E-1	8.180000000E2	-2.040000000E2
3.501888889E-1	8.160000000E2	-2.040000000E2
4.202222222E-1	8.110000000E2	-2.020000000E2
4.902666667E-1	8.110000000E2	-1.980000000E2
5.603000000E-1	8.100000000E2	-1.980000000E2
6.303333333E-1	8.020000000E2	-1.960000000E2
7.003777778E-1	8.020000000E2	-1.960000000E2
7.704111111E-1	8.020000000E2	-2.030000000E2
8.404555556E-1	8.070000000E2	-2.000000000E2
9.104888889E-1	8.050000000E2	-2.050000000E2
9.805222222E-1	8.080000000E2	-2.000000000E2
1.050566667E0	8.080000000E2	-1.960000000E2
1.120600000E0	8.080000000E2	-1.860000000E2
1.190644444E0	8.040000000E2	-1.820000000E2
1.260677778E0	7.990000000E2	-1.750000000E2
1.330711111E0	7.930000000E2	-1.740000000E2
1.400755556E0	7.900000000E2	-1.720000000E2
1.470788889E0	7.840000000E2	-1.720000000E2
1.540833333E0	7.830000000E2	-1.760000000E2
1.610866667E0	7.820000000E2	-1.760000000E2
