right_knee
t	x	y
0.000000000E0	7.490000000E2	-3.390000000E2
7.003333333E-2	7.480000000E2	-3.340000000E2
1.400777778E-1	7.410000000E2	-3.290000000E2
2.101111111E-1	7.360000000E2	-3.210000000E2
2.801555556E-1	7.340000000E2	-3.170000000E2
3.501888889E-1	7.340000000E2	-3.170000000E2
4.202222222E-1	7.360000000E2	-3.130000000E2
4.902666667E-1	7.310000000E2	-3.030000000E2
5.603000000E-1	7.260000000E2	-2.930000000E2
6.303333333E-1	7.260000000E2	-2.910000000E2
7.003777778E-1	7.260000000E2	-2.910000000E2
7.704111111E-1	7.240000000E2	-2.930000000E2
8.404555556E-1	7.240000000E2	-2.930000000E2
9.104888889E-1	7.330000000E2	-2.890000000E2
9.805222222E-1	7.380000000E2	-2.850000000E2
1.050566667E0	7.420000000E2	-2.790000000E2
1.120600000E0	7.400000000E2	-2.790000000E2
1.190644444E0	7.380000000E2	-2.770000000E2
1.260677778E0	7.340000000E2	-2.740000000E2
1.330711111E0	7.300000000E2	-2.710000000E2
1.400755556E0	7.280000000E2	-2.670000000E2
1.470788889E0	7.240000000E2	-2.670000000E2
1.540833333E0	7.220000000E2	-2.630000000E2
1.610866667E0	7.180000000E2	-2.630000000E2
