Rt_Shl
t	x	y
0.000000000E0	8.340000000E2	2.500000000E1
7.003333333E-2	8.300000000E2	2.400000000E1
1.400777778E-1	8.220000000E2	1.900000000E1
2.101111111E-1	8.170000000E2	1.500000000E1
2.801555556E-1	8.060000000E2	1.300000000E1
3.501888889E-1	8.040000000E2	1.700000000E1
4.202222222E-1	7.940000000E2	1.700000000E1
4.902666667E-1	7.870000000E2	2.000000000E1
5.603000000E-1	7.870000000E2	2.000000000E1
6.303333333E-1	7.860000000E2	1.500000000E1
7.003777778E-1	7.820000000E2	1.100000000E1
7.704111111E-1	7.840000000E2	6.000000000E0
8.404555556E-1	7.890000000E2	1.000000000E0
9.104888889E-1	7.940000000E2	-3.000000000E0
9.805222222E-1	7.940000000E2	-5.000000000E0
1.050566667E0	7.970000000E2	-3.000000000E0
1.120600000E0	8.010000000E2	-1.000000000E0
1.190644444E0	8.000000000E2	-1.000000000E0
1.260677778E0	7.980000000E2	1.000000000E0
1.330711111E0	7.960000000E2	0.000000000E0
1.400755556E0	7.910000000E2	-4.000000000E0
1.470788889E0	7.850000000E2	-7.000000000E0
1.540833333E0	7.790000000E2	-8.000000000E0
1.610866667E0	7.700000000E2	-5.000000000E0
