waist
t	x	y
0.000000000E0	7.440000000E2	-1.500000000E2
7.003333333E-2	7.440000000E2	-1.500000000E2
1.400777778E-1	7.400000000E2	-1.500000000E2
2.101111111E-1	7.350000000E2	-1.520000000E2
2.801555556E-1	7.280000000E2	-1.530000000E2
3.501888889E-1	7.220000000E2	-1.470000000E2
4.202222222E-1	7.190000000E2	-1.440000000E2
4.902666667E-1	7.140000000E2	-1.390000000E2
5.603000000E-1	7.160000000E2	-1.370000000E2
6.303333333E-1	7.160000000E2	-1.370000000E2
7.003777778E-1	7.160000000E2	-1.370000000E2
7.704111111E-1	7.160000000E2	-1.370000000E2
8.404555556E-1	7.220000000E2	-1.420000000E2
9.104888889E-1	7.260000000E2	-1.420000000E2
9.805222222E-1	7.300000000E2	-1.380000000E2
1.050566667E0	7.320000000E2	-1.340000000E2
1.120600000E0	7.320000000E2	-1.340000000E2
1.190644444E0	7.320000000E2	-1.340000000E2
1.260677778E0	7.270000000E2	-1.320000000E2
1.330711111E0	7.290000000E2	-1.380000000E2
1.400755556E0	7.240000000E2	-1.350000000E2
1.470788889E0	7.170000000E2	-1.380000000E2
1.540833333E0	7.160000000E2	-1.380000000E2
1.610866667E0	7.120000000E2	-1.320000000E2
