lt_elbow
t	x	y
0.000000000E0	-1.060000000E2	1.490000000E2
7.000000000E-2	-9.100000000E1	1.560000000E2
1.400000000E-1	-8.000000000E1	1.670000000E2
2.100000000E-1	-7.700000000E1	1.610000000E2
2.800000000E-1	-7.400000000E1	1.570000000E2
3.500000000E-1	-7.400000000E1	1.490000000E2
4.199888889E-1	-8.000000000E1	1.410000000E2
4.899888889E-1	-8.800000000E1	1.390000000E2
5.599888889E-1	-9.400000000E1	1.490000000E2
6.299888889E-1	-1.040000000E2	1.680000000E2
6.999888889E-1	-1.060000000E2	1.790000000E2
7.699888889E-1	-1.120000000E2	1.830000000E2
8.399888889E-1	-1.130000000E2	1.830000000E2
9.099888889E-1	-1.120000000E2	1.790000000E2
9.799777778E-1	-9.700000000E1	1.730000000E2
1.049977778E0	-8.400000000E1	1.730000000E2
1.119977778E0	-7.600000000E1	1.750000000E2
1.189977778E0	-6.800000000E1	1.770000000E2
1.259977778E0	-6.200000000E1	1.870000000E2
1.329977778E0	-6.200000000E1	1.840000000E2
1.399977778E0	-5.900000000E1	1.800000000E2
1.469977778E0	-6.200000000E1	1.730000000E2
