lt_foot
t	x	y
0.000000000E0	-1.763265306E1	-5.245714286E2
7.000000000E-2	-2.424489796E1	-4.430204082E2
1.400000000E-1	-2.865306122E1	-3.835102041E2
2.100000000E-1	-3.600000000E1	-3.660000000E2
2.800000000E-1	-3.800000000E1	-3.790000000E2
3.500000000E-1	-2.500000000E1	-3.320000000E2
4.199888889E-1	-2.100000000E1	-3.190000000E2
4.899888889E-1	-2.000000000E1	-3.230000000E2
5.599888889E-1	-1.900000000E1	-3.160000000E2
6.299888889E-1	-2.300000000E1	-3.180000000E2
6.999888889E-1	-2.200000000E1	-3.120000000E2
7.699888889E-1	-2.000000000E1	-3.060000000E2
8.399888889E-1	-1.800000000E1	-3.070000000E2
9.099888889E-1	-1.400000000E1	-2.900000000E2
9.799777778E-1	-1.400000000E1	-2.750000000E2
1.049977778E0	-2.000000000E1	-2.320000000E2
1.119977778E0	-2.700000000E1	-1.980000000E2
1.189977778E0	-2.800000000E1	-1.570000000E2
1.259977778E0	-3.000000000E1	-1.580000000E2
1.329977778E0	-2.800000000E1	-1.780000000E2
1.399977778E0	-2.300000000E1	-1.790000000E2
1.469977778E0	-1.600000000E1	-1.560000000E2
