lt_hand
t	x	y
0.000000000E0	-1.360000000E2	3.000000000E0
7.000000000E-2	-1.260000000E2	7.000000000E0
1.400000000E-1	-1.120000000E2	9.000000000E0
2.100000000E-1	-1.090000000E2	1.100000000E1
2.800000000E-1	-1.020000000E2	8.000000000E0
3.500000000E-1	-1.070000000E2	1.000000000E0
4.199888889E-1	-1.150000000E2	0.000000000E0
4.899888889E-1	-1.200000000E2	1.000000000E1
5.599888889E-1	-1.250000000E2	2.600000000E1
6.299888889E-1	-1.230000000E2	4.400000000E1
6.999888889E-1	-1.240000000E2	6.100000000E1
7.699888889E-1	-1.220000000E2	7.500000000E1
8.399888889E-1	-1.180000000E2	8.800000000E1
9.099888889E-1	-1.150000000E2	9.200000000E1
9.799777778E-1	-1.100000000E2	8.400000000E1
1.049977778E0	-1.040000000E2	7.800000000E1
1.119977778E0	-9.600000000E1	7.500000000E1
1.189977778E0	-9.200000000E1	7.300000000E1
1.259977778E0	-8.400000000E1	7.900000000E1
1.329977778E0	-8.300000000E1	8.300000000E1
1.399977778E0	-8.200000000E1	8.100000000E1
1.469977778E0	-8.300000000E1	7.600000000E1
