lt_hip
t	x	y
0.000000000E0	-2.000000000E1	9.000000000E0
7.000000000E-2	-1.600000000E1	2.100000000E1
1.400000000E-1	-1.400000000E1	3.900000000E1
2.100000000E-1	-1.600000000E1	5.300000000E1
2.800000000E-1	-2.000000000E1	5.800000000E1
3.500000000E-1	-2.200000000E1	5.400000000E1
4.199888889E-1	-3.000000000E1	4.800000000E1
4.899888889E-1	-3.700000000E1	5.200000000E1
5.599888889E-1	-4.800000000E1	7.000000000E1
6.299888889E-1	-4.600000000E1	8.100000000E1
6.999888889E-1	-4.600000000E1	8.900000000E1
7.699888889E-1	-4.900000000E1	9.500000000E1
8.399888889E-1	-4.600000000E1	9.300000000E1
9.099888889E-1	-3.900000000E1	9.300000000E1
9.799777778E-1	-3.500000000E1	9.300000000E1
1.049977778E0	-2.900000000E1	9.100000000E1
1.119977778E0	-2.200000000E1	9.400000000E1
1.189977778E0	-2.300000000E1	9.700000000E1
1.259977778E0	-2.200000000E1	1.120000000E2
1.329977778E0	-2.300000000E1	1.160000000E2
1.399977778E0	-2.500000000E1	1.170000000E2
1.469977778E0	-3.200000000E1	1.140000000E2
