lt_knee
t	x	y
0.000000000E0	-2.200000000E1	-2.710000000E2
7.000000000E-2	-2.300000000E1	-2.350000000E2
1.400000000E-1	-1.700000000E1	-1.960000000E2
2.100000000E-1	-1.400000000E1	-1.890000000E2
2.800000000E-1	-1.700000000E1	-1.970000000E2
3.500000000E-1	-2.300000000E1	-2.020000000E2
4.199888889E-1	-3.000000000E1	-1.980000000E2
4.899888889E-1	-2.900000000E1	-1.650000000E2
5.599888889E-1	-3.200000000E1	-1.530000000E2
6.299888889E-1	-3.200000000E1	-1.420000000E2
6.999888889E-1	-3.200000000E1	-1.390000000E2
7.699888889E-1	-2.900000000E1	-1.310000000E2
8.399888889E-1	-2.400000000E1	-1.300000000E2
9.099888889E-1	-2.400000000E1	-1.230000000E2
9.799777778E-1	-2.200000000E1	-1.040000000E2
1.049977778E0	-2.200000000E1	-1.010000000E2
1.119977778E0	-2.500000000E1	-8.100000000E1
1.189977778E0	-2.200000000E1	-6.100000000E1
1.259977778E0	-2.000000000E1	-5.300000000E1
1.329977778E0	-1.200000000E1	-5.100000000E1
1.399977778E0	-1.800000000E1	-6.000000000E1
1.469977778E0	-3.000000000E1	-6.700000000E1
