lt_shldr
t	x	y
0.000000000E0	-4.600000000E1	3.380000000E2
7.000000000E-2	-3.400000000E1	3.460000000E2
1.400000000E-1	-3.200000000E1	3.470000000E2
2.100000000E-1	-3.000000000E1	3.510000000E2
2.800000000E-1	-3.200000000E1	3.420000000E2
3.500000000E-1	-3.600000000E1	3.180000000E2
4.199888889E-1	-4.200000000E1	3.110000000E2
4.899888889E-1	-5.200000000E1	3.020000000E2
5.599888889E-1	-5.600000000E1	3.060000000E2
6.299888889E-1	-6.300000000E1	3.090000000E2
6.999888889E-1	-6.500000000E1	3.170000000E2
7.699888889E-1	-6.500000000E1	3.200000000E2
8.399888889E-1	-6.000000000E1	3.130000000E2
9.099888889E-1	-5.700000000E1	3.000000000E2
9.799777778E-1	-5.200000000E1	2.980000000E2
1.049977778E0	-4.500000000E1	2.950000000E2
1.119977778E0	-3.600000000E1	2.940000000E2
1.189977778E0	-3.600000000E1	2.960000000E2
1.259977778E0	-2.600000000E1	3.000000000E2
1.329977778E0	-2.400000000E1	3.030000000E2
1.399977778E0	-2.900000000E1	2.940000000E2
1.469977778E0	-3.200000000E1	2.860000000E2
