neck
t	x	y
0.000000000E0	1.150000000E2	4.120000000E2
7.000000000E-2	1.200000000E2	4.100000000E2
1.400000000E-1	1.140000000E2	4.160000000E2
2.100000000E-1	1.130000000E2	4.150000000E2
2.800000000E-1	9.800000000E1	4.030000000E2
3.500000000E-1	9.300000000E1	3.850000000E2
4.199888889E-1	8.100000000E1	3.720000000E2
4.899888889E-1	6.700000000E1	3.680000000E2
5.599888889E-1	5.400000000E1	3.680000000E2
6.299888889E-1	4.800000000E1	3.740000000E2
6.999888889E-1	4.400000000E1	3.750000000E2
7.699888889E-1	4.000000000E1	3.710000000E2
8.399888889E-1	4.200000000E1	3.670000000E2
9.099888889E-1	4.400000000E1	3.540000000E2
9.799777778E-1	4.600000000E1	3.420000000E2
1.049977778E0	5.500000000E1	3.420000000E2
1.119977778E0	6.000000000E1	3.360000000E2
1.189977778E0	5.900000000E1	3.420000000E2
1.259977778E0	6.200000000E1	3.420000000E2
1.329977778E0	6.200000000E1	3.430000000E2
1.399977778E0	5.300000000E1	3.390000000E2
1.469977778E0	4.700000000E1	3.280000000E2
