rt_elbow
t	x	y
0.000000000E0	2.740000000E2	1.070000000E2
7.000000000E-2	2.700000000E2	1.150000000E2
1.400000000E-1	2.640000000E2	1.310000000E2
2.100000000E-1	2.560000000E2	1.470000000E2
2.800000000E-1	2.520000000E2	1.470000000E2
3.500000000E-1	2.350000000E2	1.420000000E2
4.199888889E-1	2.190000000E2	1.390000000E2
4.899888889E-1	2.020000000E2	1.410000000E2
5.599888889E-1	1.860000000E2	1.510000000E2
6.299888889E-1	1.750000000E2	1.620000000E2
6.999888889E-1	1.660000000E2	1.670000000E2
7.699888889E-1	1.640000000E2	1.710000000E2
8.399888889E-1	1.600000000E2	1.640000000E2
9.099888889E-1	1.570000000E2	1.610000000E2
9.799777778E-1	1.560000000E2	1.600000000E2
1.049977778E0	1.590000000E2	1.520000000E2
1.119977778E0	1.580000000E2	1.520000000E2
1.189977778E0	1.590000000E2	1.630000000E2
1.259977778E0	1.560000000E2	1.670000000E2
1.329977778E0	1.580000000E2	1.730000000E2
1.399977778E0	1.540000000E2	1.710000000E2
1.469977778E0	1.470000000E2	1.670000000E2
