rt_foot
t	x	y
0.000000000E0	6.200000000E1	-4.900000000E2
7.000000000E-2	6.100000000E1	-4.830000000E2
1.400000000E-1	6.200000000E1	-4.780000000E2
2.100000000E-1	6.000000000E1	-4.780000000E2
2.800000000E-1	5.400000000E1	-4.700000000E2
3.500000000E-1	5.000000000E1	-4.600000000E2
4.199888889E-1	5.300000000E1	-4.330000000E2
4.899888889E-1	5.300000000E1	-3.850000000E2
5.599888889E-1	5.800000000E1	-3.240000000E2
6.299888889E-1	5.800000000E1	-2.730000000E2
6.999888889E-1	4.300000000E1	-2.660000000E2
7.699888889E-1	3.000000000E1	-2.690000000E2
8.399888889E-1	1.800000000E1	-2.720000000E2
9.099888889E-1	1.600000000E1	-2.420000000E2
9.799777778E-1	1.800000000E1	-2.320000000E2
1.049977778E0	1.700000000E1	-2.370000000E2
1.119977778E0	1.800000000E1	-2.340000000E2
1.189977778E0	1.800000000E1	-2.340000000E2
1.259977778E0	2.300000000E1	-2.340000000E2
1.329977778E0	1.500000000E1	-2.240000000E2
1.399977778E0	1.200000000E1	-2.290000000E2
1.469977778E0	1.400000000E1	-2.180000000E2
