rt_hand
t	x	y
0.000000000E0	2.640000000E2	-7.600000000E1
7.000000000E-2	2.500000000E2	-4.900000000E1
1.400000000E-1	2.400000000E2	-2.200000000E1
2.100000000E-1	2.340000000E2	5.000000000E0
2.800000000E-1	2.150000000E2	2.200000000E1
3.500000000E-1	1.990000000E2	3.100000000E1
4.199888889E-1	1.880000000E2	3.300000000E1
4.899888889E-1	1.780000000E2	2.900000000E1
5.599888889E-1	1.710000000E2	2.700000000E1
6.299888889E-1	1.670000000E2	3.100000000E1
6.999888889E-1	1.630000000E2	4.700000000E1
7.699888889E-1	1.600000000E2	4.500000000E1
8.399888889E-1	1.560000000E2	4.000000000E1
9.099888889E-1	1.550000000E2	3.500000000E1
9.799777778E-1	1.520000000E2	2.900000000E1
1.049977778E0	1.540000000E2	3.100000000E1
1.119977778E0	1.530000000E2	4.200000000E1
1.189977778E0	1.510000000E2	5.600000000E1
1.259977778E0	1.470000000E2	8.000000000E1
1.329977778E0	1.420000000E2	9.200000000E1
1.399977778E0	1.320000000E2	1.000000000E2
1.469977778E0	1.290000000E2	9.900000000E1
