rt_hip
t	x	y
0.000000000E0	1.640000000E2	-7.000000000E0
7.000000000E-2	1.660000000E2	1.400000000E1
1.400000000E-1	1.620000000E2	3.100000000E1
2.100000000E-1	1.490000000E2	4.300000000E1
2.800000000E-1	1.420000000E2	5.100000000E1
3.500000000E-1	1.320000000E2	5.000000000E1
4.199888889E-1	1.180000000E2	5.000000000E1
4.899888889E-1	1.080000000E2	5.100000000E1
5.599888889E-1	9.400000000E1	5.300000000E1
6.299888889E-1	9.000000000E1	6.700000000E1
6.999888889E-1	8.800000000E1	7.700000000E1
7.699888889E-1	8.400000000E1	8.400000000E1
8.399888889E-1	8.100000000E1	8.500000000E1
9.099888889E-1	8.200000000E1	8.100000000E1
9.799777778E-1	8.200000000E1	8.000000000E1
1.049977778E0	8.700000000E1	8.300000000E1
1.119977778E0	8.800000000E1	8.900000000E1
1.189977778E0	8.800000000E1	9.600000000E1
1.259977778E0	8.600000000E1	1.070000000E2
1.329977778E0	8.400000000E1	1.130000000E2
1.399977778E0	7.700000000E1	1.130000000E2
1.469977778E0	7.200000000E1	1.110000000E2
