rt_knee
t	x	y
0.000000000E0	1.210000000E2	-2.720000000E2
7.000000000E-2	1.280000000E2	-2.630000000E2
1.400000000E-1	1.230000000E2	-2.470000000E2
2.100000000E-1	1.060000000E2	-2.310000000E2
2.800000000E-1	9.500000000E1	-2.200000000E2
3.500000000E-1	9.000000000E1	-2.130000000E2
4.199888889E-1	8.400000000E1	-2.010000000E2
4.899888889E-1	7.800000000E1	-1.840000000E2
5.599888889E-1	7.700000000E1	-1.660000000E2
6.299888889E-1	5.700000000E1	-1.310000000E2
6.999888889E-1	5.400000000E1	-1.050000000E2
7.699888889E-1	4.700000000E1	-1.010000000E2
8.399888889E-1	4.100000000E1	-1.060000000E2
9.099888889E-1	4.500000000E1	-1.190000000E2
9.799777778E-1	5.000000000E1	-1.140000000E2
1.049977778E0	5.800000000E1	-9.800000000E1
1.119977778E0	6.200000000E1	-8.800000000E1
1.189977778E0	6.000000000E1	-8.600000000E1
1.259977778E0	5.900000000E1	-8.000000000E1
1.329977778E0	4.800000000E1	-7.000000000E1
1.399977778E0	4.300000000E1	-6.600000000E1
1.469977778E0	4.300000000E1	-6.000000000E1
