rt_shldr
t	x	y
0.000000000E0	2.300000000E2	3.440000000E2
7.000000000E-2	2.240000000E2	3.430000000E2
1.400000000E-1	2.250000000E2	3.510000000E2
2.100000000E-1	2.160000000E2	3.550000000E2
2.800000000E-1	2.040000000E2	3.490000000E2
3.500000000E-1	1.920000000E2	3.340000000E2
4.199888889E-1	1.780000000E2	3.260000000E2
4.899888889E-1	1.610000000E2	3.280000000E2
5.599888889E-1	1.460000000E2	3.240000000E2
6.299888889E-1	1.350000000E2	3.270000000E2
6.999888889E-1	1.250000000E2	3.300000000E2
7.699888889E-1	1.230000000E2	3.270000000E2
8.399888889E-1	1.210000000E2	3.200000000E2
9.099888889E-1	1.180000000E2	3.090000000E2
9.799777778E-1	1.210000000E2	3.000000000E2
1.049977778E0	1.250000000E2	2.940000000E2
1.119977778E0	1.260000000E2	2.960000000E2
1.189977778E0	1.280000000E2	2.980000000E2
1.259977778E0	1.270000000E2	3.020000000E2
1.329977778E0	1.270000000E2	3.080000000E2
1.399977778E0	1.200000000E2	3.040000000E2
1.469977778E0	1.140000000E2	2.960000000E2
