waist
t	x	y
0.000000000E0	8.100000000E1	3.900000000E1
7.000000000E-2	8.400000000E1	4.900000000E1
1.400000000E-1	7.700000000E1	6.100000000E1
2.100000000E-1	7.400000000E1	7.200000000E1
2.800000000E-1	6.600000000E1	8.600000000E1
3.500000000E-1	6.200000000E1	7.500000000E1
4.199888889E-1	4.600000000E1	7.300000000E1
4.899888889E-1	3.800000000E1	7.300000000E1
5.599888889E-1	3.200000000E1	8.500000000E1
6.299888889E-1	2.900000000E1	9.500000000E1
6.999888889E-1	3.000000000E1	1.080000000E2
7.699888889E-1	2.500000000E1	1.130000000E2
8.399888889E-1	2.400000000E1	1.150000000E2
9.099888889E-1	2.200000000E1	1.060000000E2
9.799777778E-1	3.300000000E1	1.100000000E2
1.049977778E0	3.400000000E1	1.070000000E2
1.119977778E0	3.800000000E1	1.090000000E2
1.189977778E0	4.100000000E1	1.190000000E2
1.259977778E0	3.600000000E1	1.240000000E2
1.329977778E0	3.600000000E1	1.360000000E2
1.399977778E0	2.900000000E1	1.330000000E2
1.469977778E0	2.800000000E1	1.270000000E2
