lt_elbow
t	x	y
0.000000000E0	-5.100000000E1	-3.000000000E0
5.018888889E-2	-5.600000000E1	7.000000000E0
1.003777778E-1	-5.700000000E1	1.600000000E1
1.505666667E-1	-5.800000000E1	2.200000000E1
2.007555556E-1	-6.300000000E1	3.200000000E1
2.509444444E-1	-6.400000000E1	4.000000000E1
3.011333333E-1	-6.900000000E1	4.400000000E1
3.513222222E-1	-7.200000000E1	3.900000000E1
4.015111111E-1	-7.300000000E1	3.300000000E1
4.517000000E-1	-6.900000000E1	3.500000000E1
5.018888889E-1	-6.500000000E1	3.100000000E1
5.520777778E-1	-6.300000000E1	3.500000000E1
6.022666667E-1	-5.900000000E1	3.800000000E1
6.524555556E-1	-5.100000000E1	4.700000000E1
7.026333333E-1	-5.100000000E1	5.300000000E1
7.528222222E-1	-5.000000000E1	5.800000000E1
8.030111111E-1	-4.900000000E1	5.700000000E1
8.532000000E-1	-5.000000000E1	5.600000000E1
9.033888889E-1	-4.700000000E1	5.100000000E1
9.535777778E-1	-4.300000000E1	4.800000000E1
1.003766667E0	-4.300000000E1	4.700000000E1
1.053955556E0	-4.300000000E1	4.900000000E1
1.104144444E0	-4.800000000E1	5.200000000E1
1.154333333E0	-4.800000000E1	6.000000000E1
1.204522222E0	-5.100000000E1	6.200000000E1
1.254711111E0	-5.700000000E1	6.900000000E1
1.304900000E0	-5.900000000E1	7.300000000E1
1.355088889E0	-6.400000000E1	6.900000000E1
1.405277778E0	-6.000000000E1	6.900000000E1
1.455466667E0	-5.700000000E1	6.500000000E1
1.505644444E0	-5.700000000E1	6.300000000E1
1.555833333E0	-5.500000000E1	6.100000000E1
1.606022222E0	-4.900000000E1	6.400000000E1
