lt_foot
t	x	y
0.000000000E0	5.300000000E1	-4.130000000E2
5.018888889E-2	5.000000000E1	-4.040000000E2
1.003777778E-1	4.700000000E1	-4.020000000E2
1.505666667E-1	4.600000000E1	-3.970000000E2
2.007555556E-1	4.800000000E1	-3.930000000E2
2.509444444E-1	4.900000000E1	-3.930000000E2
3.011333333E-1	5.500000000E1	-3.890000000E2
3.513222222E-1	5.700000000E1	-3.840000000E2
4.015111111E-1	5.800000000E1	-3.780000000E2
4.517000000E-1	5.600000000E1	-3.650000000E2
5.018888889E-1	5.100000000E1	-3.580000000E2
5.520777778E-1	4.600000000E1	-3.110000000E2
6.022666667E-1	3.700000000E1	-2.730000000E2
6.524555556E-1	2.800000000E1	-2.540000000E2
7.026333333E-1	1.800000000E1	-2.450000000E2
7.528222222E-1	1.600000000E1	-2.520000000E2
8.030111111E-1	1.400000000E1	-2.600000000E2
8.532000000E-1	1.200000000E1	-2.660000000E2
9.033888889E-1	1.200000000E1	-2.570000000E2
9.535777778E-1	1.700000000E1	-2.390000000E2
1.003766667E0	1.900000000E1	-2.430000000E2
1.053955556E0	2.200000000E1	-2.490000000E2
1.104144444E0	2.000000000E1	-2.490000000E2
1.154333333E0	2.000000000E1	-2.490000000E2
1.204522222E0	2.000000000E1	-2.450000000E2
1.254711111E0	2.100000000E1	-2.440000000E2
1.304900000E0	1.800000000E1	-2.410000000E2
1.355088889E0	2.100000000E1	-2.380000000E2
1.405277778E0	2.300000000E1	-2.370000000E2
1.455466667E0	2.400000000E1	-2.320000000E2
1.505644444E0	2.000000000E1	-2.210000000E2
1.555833333E0	1.800000000E1	-2.090000000E2
1.606022222E0	1.500000000E1	-1.870000000E2
