lt_Knee
t	x	y
0.000000000E0	9.000000000E0	-2.370000000E2
5.018888889E-2	4.000000000E0	-2.200000000E2
1.003777778E-1	1.000000000E0	-2.100000000E2
1.505666667E-1	-4.000000000E0	-2.040000000E2
2.007555556E-1	6.000000000E0	-1.930000000E2
2.509444444E-1	1.300000000E1	-1.860000000E2
3.011333333E-1	2.100000000E1	-1.800000000E2
3.513222222E-1	2.500000000E1	-1.790000000E2
4.015111111E-1	2.700000000E1	-1.730000000E2
4.517000000E-1	2.500000000E1	-1.710000000E2
5.018888889E-1	2.000000000E1	-1.600000000E2
5.520777778E-1	2.100000000E1	-1.550000000E2
6.022666667E-1	1.700000000E1	-1.560000000E2
6.524555556E-1	1.300000000E1	-1.550000000E2
7.026333333E-1	3.000000000E0	-1.320000000E2
7.528222222E-1	-1.000000000E0	-1.150000000E2
8.030111111E-1	0.000000000E0	-1.030000000E2
8.532000000E-1	1.000000000E0	-1.080000000E2
9.033888889E-1	1.000000000E0	-1.190000000E2
9.535777778E-1	1.000000000E0	-1.310000000E2
1.003766667E0	-8.000000000E0	-1.260000000E2
1.053955556E0	-1.000000000E1	-1.190000000E2
1.104144444E0	-1.200000000E1	-1.050000000E2
1.154333333E0	-1.700000000E1	-1.010000000E2
1.204522222E0	-1.500000000E1	-9.900000000E1
1.254711111E0	-1.300000000E1	-9.100000000E1
1.304900000E0	-3.000000000E0	-9.100000000E1
1.355088889E0	3.000000000E0	-8.800000000E1
1.405277778E0	0.000000000E0	-8.200000000E1
1.455466667E0	4.000000000E0	-8.600000000E1
1.505644444E0	5.000000000E0	-8.600000000E1
1.555833333E0	4.000000000E0	-8.400000000E1
1.606022222E0	3.000000000E0	-8.100000000E1
