neck
t	x	y
0.000000000E0	4.500000000E1	1.650000000E2
5.018888889E-2	4.000000000E1	1.710000000E2
1.003777778E-1	3.900000000E1	1.740000000E2
1.505666667E-1	3.700000000E1	1.830000000E2
2.007555556E-1	3.500000000E1	1.840000000E2
2.509444444E-1	3.200000000E1	1.900000000E2
3.011333333E-1	2.800000000E1	1.870000000E2
3.513222222E-1	2.600000000E1	1.830000000E2
4.015111111E-1	2.300000000E1	1.730000000E2
4.517000000E-1	2.700000000E1	1.670000000E2
5.018888889E-1	2.700000000E1	1.610000000E2
5.520777778E-1	2.500000000E1	1.630000000E2
6.022666667E-1	2.800000000E1	1.690000000E2
6.524555556E-1	2.800000000E1	1.750000000E2
7.026333333E-1	2.800000000E1	1.740000000E2
7.528222222E-1	2.800000000E1	1.750000000E2
8.030111111E-1	2.800000000E1	1.750000000E2
8.532000000E-1	2.900000000E1	1.720000000E2
9.033888889E-1	2.500000000E1	1.690000000E2
9.535777778E-1	2.100000000E1	1.630000000E2
1.003766667E0	2.100000000E1	1.620000000E2
1.053955556E0	1.700000000E1	1.600000000E2
1.104144444E0	1.400000000E1	1.640000000E2
1.154333333E0	1.400000000E1	1.710000000E2
1.204522222E0	1.400000000E1	1.710000000E2
1.254711111E0	8.000000000E0	1.750000000E2
1.304900000E0	9.000000000E0	1.750000000E2
1.355088889E0	1.200000000E1	1.690000000E2
1.405277778E0	1.200000000E1	1.670000000E2
1.455466667E0	1.100000000E1	1.610000000E2
1.505644444E0	9.000000000E0	1.600000000E2
1.555833333E0	1.500000000E1	1.570000000E2
1.606022222E0	1.300000000E1	1.570000000E2
