rt_elbow
t	x	y
0.000000000E0	1.640000000E2	3.000000000E0
5.018888889E-2	1.570000000E2	7.000000000E0
1.003777778E-1	1.510000000E2	1.700000000E1
1.505666667E-1	1.460000000E2	2.300000000E1
2.007555556E-1	1.430000000E2	3.300000000E1
2.509444444E-1	1.390000000E2	3.500000000E1
3.011333333E-1	1.340000000E2	3.900000000E1
3.513222222E-1	1.310000000E2	3.700000000E1
4.015111111E-1	1.260000000E2	3.300000000E1
4.517000000E-1	1.270000000E2	2.700000000E1
5.018888889E-1	1.240000000E2	2.500000000E1
5.520777778E-1	1.230000000E2	2.700000000E1
6.022666667E-1	1.210000000E2	3.100000000E1
6.524555556E-1	1.200000000E2	4.300000000E1
7.026333333E-1	1.190000000E2	4.900000000E1
7.528222222E-1	1.180000000E2	4.800000000E1
8.030111111E-1	1.160000000E2	4.600000000E1
8.532000000E-1	1.170000000E2	4.800000000E1
9.033888889E-1	1.170000000E2	4.400000000E1
9.535777778E-1	1.130000000E2	3.900000000E1
1.003766667E0	1.110000000E2	4.300000000E1
1.053955556E0	1.050000000E2	4.400000000E1
1.104144444E0	1.000000000E2	4.700000000E1
1.154333333E0	9.500000000E1	5.500000000E1
1.204522222E0	9.400000000E1	6.100000000E1
1.254711111E0	8.900000000E1	6.500000000E1
1.304900000E0	8.500000000E1	7.100000000E1
1.355088889E0	8.500000000E1	6.600000000E1
1.405277778E0	8.500000000E1	6.400000000E1
1.455466667E0	8.200000000E1	5.700000000E1
1.505644444E0	7.800000000E1	5.600000000E1
1.555833333E0	7.900000000E1	5.500000000E1
1.606022222E0	7.900000000E1	5.500000000E1
