rt_foot
t	x	y
0.000000000E0	6.600000000E1	-4.830000000E2
5.018888889E-2	6.800000000E1	-4.410000000E2
1.003777778E-1	7.300000000E1	-3.920000000E2
1.505666667E-1	7.300000000E1	-3.530000000E2
2.007555556E-1	7.000000000E1	-3.350000000E2
2.509444444E-1	6.300000000E1	-3.400000000E2
3.011333333E-1	6.200000000E1	-3.430000000E2
3.513222222E-1	5.700000000E1	-3.410000000E2
4.015111111E-1	5.700000000E1	-3.330000000E2
4.517000000E-1	5.200000000E1	-3.120000000E2
5.018888889E-1	5.400000000E1	-3.120000000E2
5.520777778E-1	4.800000000E1	-3.070000000E2
6.022666667E-1	4.500000000E1	-3.190000000E2
6.524555556E-1	4.300000000E1	-3.190000000E2
7.026333333E-1	4.200000000E1	-3.140000000E2
7.528222222E-1	4.400000000E1	-3.150000000E2
8.030111111E-1	4.000000000E1	-3.130000000E2
8.532000000E-1	3.800000000E1	-3.110000000E2
9.033888889E-1	3.500000000E1	-3.050000000E2
9.535777778E-1	3.500000000E1	-2.890000000E2
1.003766667E0	3.800000000E1	-2.710000000E2
1.053955556E0	4.000000000E1	-2.460000000E2
1.104144444E0	3.900000000E1	-2.130000000E2
1.154333333E0	3.300000000E1	-1.950000000E2
1.204522222E0	3.800000000E1	-1.880000000E2
1.254711111E0	3.700000000E1	-1.950000000E2
1.304900000E0	3.200000000E1	-2.020000000E2
1.355088889E0	2.900000000E1	-2.110000000E2
1.405277778E0	2.800000000E1	-2.130000000E2
1.455466667E0	3.000000000E1	-2.150000000E2
1.505644444E0	1.900000000E1	-2.150000000E2
1.555833333E0	3.600000000E1	-1.890000000E2
1.606022222E0	3.500000000E1	-1.870000000E2
