rt_hip
t	x	y
0.000000000E0	8.200000000E1	-6.900000000E1
5.018888889E-2	7.600000000E1	-6.200000000E1
1.003777778E-1	7.700000000E1	-5.400000000E1
1.505666667E-1	7.900000000E1	-4.800000000E1
2.007555556E-1	7.900000000E1	-3.700000000E1
2.509444444E-1	8.100000000E1	-3.200000000E1
3.011333333E-1	8.000000000E1	-2.800000000E1
3.513222222E-1	7.900000000E1	-3.400000000E1
4.015111111E-1	7.700000000E1	-3.600000000E1
4.517000000E-1	7.400000000E1	-3.700000000E1
5.018888889E-1	7.500000000E1	-3.800000000E1
5.520777778E-1	7.300000000E1	-3.400000000E1
6.022666667E-1	6.900000000E1	-2.700000000E1
6.524555556E-1	6.700000000E1	-1.900000000E1
7.026333333E-1	6.900000000E1	-1.300000000E1
7.528222222E-1	6.300000000E1	-5.000000000E0
8.030111111E-1	5.300000000E1	-2.000000000E0
8.532000000E-1	5.300000000E1	-5.000000000E0
9.033888889E-1	4.900000000E1	-4.000000000E0
9.535777778E-1	4.400000000E1	-8.000000000E0
1.003766667E0	4.300000000E1	-1.000000000E1
1.053955556E0	4.100000000E1	-4.000000000E0
1.104144444E0	3.700000000E1	-5.000000000E0
1.154333333E0	3.300000000E1	-2.000000000E0
1.204522222E0	3.800000000E1	8.000000000E0
1.254711111E0	3.900000000E1	1.100000000E1
1.304900000E0	4.300000000E1	2.000000000E1
1.355088889E0	4.200000000E1	1.400000000E1
1.405277778E0	4.100000000E1	1.200000000E1
1.455466667E0	4.100000000E1	1.000000000E1
1.505644444E0	4.400000000E1	1.000000000E1
1.555833333E0	4.400000000E1	1.000000000E1
1.606022222E0	4.300000000E1	1.400000000E1
