rt_hand
t	x	y
0.000000000E0	1.530000000E2	-9.700000000E1
5.018888889E-2	1.490000000E2	-9.100000000E1
1.003777778E-1	1.490000000E2	-7.900000000E1
1.505666667E-1	1.460000000E2	-7.900000000E1
2.007555556E-1	1.460000000E2	-7.400000000E1
2.509444444E-1	1.470000000E2	-7.300000000E1
3.011333333E-1	1.470000000E2	-6.700000000E1
3.513222222E-1	1.460000000E2	-7.100000000E1
4.015111111E-1	1.470000000E2	-7.400000000E1
4.517000000E-1	1.470000000E2	-7.500000000E1
5.018888889E-1	1.470000000E2	-7.000000000E1
5.520777778E-1	1.450000000E2	-6.600000000E1
6.022666667E-1	1.410000000E2	-6.100000000E1
6.524555556E-1	1.420000000E2	-5.700000000E1
7.026333333E-1	1.320000000E2	-4.500000000E1
7.528222222E-1	1.320000000E2	-4.400000000E1
8.030111111E-1	1.250000000E2	-3.300000000E1
8.532000000E-1	1.170000000E2	-3.000000000E1
9.033888889E-1	1.160000000E2	-2.600000000E1
9.535777778E-1	1.070000000E2	-2.200000000E1
1.003766667E0	1.040000000E2	-1.800000000E1
1.053955556E0	1.000000000E2	-1.700000000E1
1.104144444E0	9.600000000E1	-1.700000000E1
1.154333333E0	9.400000000E1	-1.200000000E1
1.204522222E0	9.400000000E1	-1.000000000E1
1.254711111E0	9.500000000E1	-8.000000000E0
1.304900000E0	9.400000000E1	-9.000000000E0
1.355088889E0	9.500000000E1	-8.000000000E0
1.405277778E0	9.200000000E1	-1.200000000E1
1.455466667E0	9.400000000E1	-1.500000000E1
1.505644444E0	9.000000000E1	-1.700000000E1
1.555833333E0	8.900000000E1	-1.700000000E1
1.606022222E0	9.100000000E1	-1.200000000E1
