rt_knee
t	x	y
0.000000000E0	7.200000000E1	-2.330000000E2
5.018888889E-2	6.900000000E1	-2.230000000E2
1.003777778E-1	6.700000000E1	-2.160000000E2
1.505666667E-1	6.700000000E1	-1.970000000E2
2.007555556E-1	5.900000000E1	-1.770000000E2
2.509444444E-1	6.200000000E1	-1.560000000E2
3.011333333E-1	6.500000000E1	-1.580000000E2
3.513222222E-1	6.700000000E1	-1.610000000E2
4.015111111E-1	6.600000000E1	-1.720000000E2
4.517000000E-1	6.300000000E1	-1.790000000E2
5.018888889E-1	6.500000000E1	-1.750000000E2
5.520777778E-1	6.000000000E1	-1.640000000E2
6.022666667E-1	6.100000000E1	-1.540000000E2
6.524555556E-1	6.300000000E1	-1.450000000E2
7.026333333E-1	6.600000000E1	-1.400000000E2
7.528222222E-1	5.700000000E1	-1.340000000E2
8.030111111E-1	5.000000000E1	-1.290000000E2
8.532000000E-1	4.400000000E1	-1.250000000E2
9.033888889E-1	4.100000000E1	-1.260000000E2
9.535777778E-1	4.100000000E1	-1.210000000E2
1.003766667E0	3.800000000E1	-1.220000000E2
1.053955556E0	3.500000000E1	-1.170000000E2
1.104144444E0	3.100000000E1	-1.090000000E2
1.154333333E0	3.300000000E1	-1.090000000E2
1.204522222E0	3.100000000E1	-1.020000000E2
1.254711111E0	3.200000000E1	-9.000000000E1
1.304900000E0	3.000000000E1	-8.400000000E1
1.355088889E0	3.300000000E1	-8.200000000E1
1.405277778E0	2.900000000E1	-7.900000000E1
1.455466667E0	3.200000000E1	-8.900000000E1
1.505644444E0	3.800000000E1	-9.700000000E1
1.555833333E0	4.100000000E1	-9.500000000E1
1.606022222E0	4.400000000E1	-8.300000000E1
