rt_shoulder
t	x	y
0.000000000E0	1.130000000E2	1.550000000E2
5.018888889E-2	1.100000000E2	1.590000000E2
1.003777778E-1	1.040000000E2	1.650000000E2
1.505666667E-1	9.700000000E1	1.750000000E2
2.007555556E-1	9.300000000E1	1.810000000E2
2.509444444E-1	9.300000000E1	1.790000000E2
3.011333333E-1	9.200000000E1	1.780000000E2
3.513222222E-1	8.700000000E1	1.730000000E2
4.015111111E-1	8.700000000E1	1.670000000E2
4.517000000E-1	8.500000000E1	1.590000000E2
5.018888889E-1	8.500000000E1	1.530000000E2
5.520777778E-1	8.200000000E1	1.520000000E2
6.022666667E-1	8.300000000E1	1.540000000E2
6.524555556E-1	8.100000000E1	1.590000000E2
7.026333333E-1	8.300000000E1	1.660000000E2
7.528222222E-1	8.100000000E1	1.710000000E2
8.030111111E-1	7.900000000E1	1.700000000E2
8.532000000E-1	7.500000000E1	1.650000000E2
9.033888889E-1	7.500000000E1	1.610000000E2
9.535777778E-1	7.300000000E1	1.570000000E2
1.003766667E0	6.700000000E1	1.560000000E2
1.053955556E0	6.700000000E1	1.550000000E2
1.104144444E0	6.400000000E1	1.600000000E2
1.154333333E0	6.500000000E1	1.630000000E2
1.204522222E0	6.000000000E1	1.680000000E2
1.254711111E0	5.800000000E1	1.720000000E2
1.304900000E0	5.600000000E1	1.670000000E2
1.355088889E0	5.500000000E1	1.670000000E2
1.405277778E0	5.500000000E1	1.630000000E2
1.455466667E0	5.300000000E1	1.590000000E2
1.505644444E0	5.400000000E1	1.540000000E2
1.555833333E0	5.300000000E1	1.510000000E2
1.606022222E0	5.300000000E1	1.500000000E2
