lt_elbow
t	x	y
0.000000000E0	5.890000000E2	-3.090000000E2
5.020000000E-2	5.910000000E2	-3.100000000E2
1.003888889E-1	5.930000000E2	-3.050000000E2
1.505888889E-1	5.930000000E2	-3.050000000E2
2.007777778E-1	5.940000000E2	-2.940000000E2
2.509666667E-1	5.930000000E2	-2.840000000E2
3.011666667E-1	5.910000000E2	-2.820000000E2
3.513555556E-1	5.870000000E2	-2.820000000E2
4.015555556E-1	5.910000000E2	-2.850000000E2
4.517444444E-1	5.930000000E2	-2.870000000E2
5.019333333E-1	5.950000000E2	-2.880000000E2
5.521333333E-1	6.010000000E2	-2.890000000E2
6.023222222E-1	6.050000000E2	-2.870000000E2
6.525111111E-1	6.100000000E2	-2.820000000E2
7.027111111E-1	6.170000000E2	-2.780000000E2
7.529000000E-1	6.170000000E2	-2.700000000E2
8.031000000E-1	6.200000000E2	-2.670000000E2
8.532888889E-1	6.170000000E2	-2.620000000E2
9.034777778E-1	6.150000000E2	-2.620000000E2
9.536777778E-1	6.130000000E2	-2.620000000E2
1.003866667E0	6.130000000E2	-2.600000000E2
1.054066667E0	6.150000000E2	-2.690000000E2
1.104255556E0	6.150000000E2	-2.680000000E2
1.154444444E0	6.210000000E2	-2.680000000E2
1.204644444E0	6.160000000E2	-2.660000000E2
1.254833333E0	6.160000000E2	-2.570000000E2
1.305033333E0	6.160000000E2	-2.570000000E2
1.355222222E0	6.160000000E2	-2.550000000E2
1.405411111E0	6.130000000E2	-2.550000000E2
