lt_hand
t	x	y
0.000000000E0	5.590000000E2	-4.310000000E2
5.020000000E-2	5.610000000E2	-4.280000000E2
1.003888889E-1	5.630000000E2	-4.210000000E2
1.505888889E-1	5.650000000E2	-4.130000000E2
2.007777778E-1	5.710000000E2	-4.080000000E2
2.509666667E-1	5.760000000E2	-3.910000000E2
3.011666667E-1	5.840000000E2	-3.760000000E2
3.513555556E-1	5.910000000E2	-3.650000000E2
4.015555556E-1	5.990000000E2	-3.500000000E2
4.517444444E-1	6.050000000E2	-3.400000000E2
5.019333333E-1	6.090000000E2	-3.330000000E2
5.521333333E-1	6.140000000E2	-3.360000000E2
6.023222222E-1	6.170000000E2	-3.360000000E2
6.525111111E-1	6.150000000E2	-3.470000000E2
7.027111111E-1	6.110000000E2	-3.500000000E2
7.529000000E-1	6.050000000E2	-3.530000000E2
8.031000000E-1	6.020000000E2	-3.510000000E2
8.532888889E-1	6.010000000E2	-3.490000000E2
9.034777778E-1	5.960000000E2	-3.510000000E2
9.536777778E-1	5.950000000E2	-3.520000000E2
1.003866667E0	5.950000000E2	-3.500000000E2
1.054066667E0	5.950000000E2	-3.530000000E2
1.104255556E0	5.950000000E2	-3.520000000E2
1.154444444E0	5.960000000E2	-3.500000000E2
1.204644444E0	5.990000000E2	-3.420000000E2
1.254833333E0	5.990000000E2	-3.420000000E2
1.305033333E0	6.050000000E2	-3.370000000E2
1.355222222E0	6.090000000E2	-3.270000000E2
1.405411111E0	6.090000000E2	-3.190000000E2
