lt_hip
t	x	y
0.000000000E0	6.550000000E2	-4.400000000E2
5.020000000E-2	6.520000000E2	-4.310000000E2
1.003888889E-1	6.460000000E2	-4.190000000E2
1.505888889E-1	6.430000000E2	-4.100000000E2
2.007777778E-1	6.430000000E2	-4.020000000E2
2.509666667E-1	6.430000000E2	-3.960000000E2
3.011666667E-1	6.490000000E2	-3.900000000E2
3.513555556E-1	6.480000000E2	-3.880000000E2
4.015555556E-1	6.520000000E2	-3.880000000E2
4.517444444E-1	6.530000000E2	-3.890000000E2
5.019333333E-1	6.560000000E2	-3.900000000E2
5.521333333E-1	6.570000000E2	-3.880000000E2
6.023222222E-1	6.610000000E2	-3.880000000E2
6.525111111E-1	6.650000000E2	-3.840000000E2
7.027111111E-1	6.710000000E2	-3.780000000E2
7.529000000E-1	6.690000000E2	-3.700000000E2
8.031000000E-1	6.650000000E2	-3.580000000E2
8.532888889E-1	6.620000000E2	-3.520000000E2
9.034777778E-1	6.640000000E2	-3.550000000E2
9.536777778E-1	6.650000000E2	-3.580000000E2
1.003866667E0	6.650000000E2	-3.610000000E2
1.054066667E0	6.660000000E2	-3.610000000E2
1.104255556E0	6.630000000E2	-3.560000000E2
1.154444444E0	6.590000000E2	-3.560000000E2
1.204644444E0	6.540000000E2	-3.440000000E2
1.254833333E0	6.510000000E2	-3.370000000E2
1.305033333E0	6.540000000E2	-3.300000000E2
1.355222222E0	6.550000000E2	-3.300000000E2
1.405411111E0	6.560000000E2	-3.260000000E2
