lt_knee
t	x	y
0.000000000E0	6.690000000E2	-5.780000000E2
5.020000000E-2	6.670000000E2	-5.620000000E2
1.003888889E-1	6.670000000E2	-5.460000000E2
1.505888889E-1	6.630000000E2	-5.380000000E2
2.007777778E-1	6.580000000E2	-5.330000000E2
2.509666667E-1	6.610000000E2	-5.300000000E2
3.011666667E-1	6.670000000E2	-5.280000000E2
3.513555556E-1	6.730000000E2	-5.220000000E2
4.015555556E-1	6.720000000E2	-5.170000000E2
4.517444444E-1	6.770000000E2	-5.140000000E2
5.019333333E-1	6.750000000E2	-5.080000000E2
5.521333333E-1	6.730000000E2	-5.060000000E2
6.023222222E-1	6.740000000E2	-5.030000000E2
6.525111111E-1	6.700000000E2	-4.990000000E2
7.027111111E-1	6.710000000E2	-4.920000000E2
7.529000000E-1	6.780000000E2	-4.720000000E2
8.031000000E-1	6.800000000E2	-4.550000000E2
8.532888889E-1	6.790000000E2	-4.440000000E2
9.034777778E-1	6.790000000E2	-4.400000000E2
9.536777778E-1	6.820000000E2	-4.490000000E2
1.003866667E0	6.790000000E2	-4.590000000E2
1.054066667E0	6.750000000E2	-4.610000000E2
1.104255556E0	6.730000000E2	-4.590000000E2
1.154444444E0	6.690000000E2	-4.440000000E2
1.204644444E0	6.660000000E2	-4.380000000E2
1.254833333E0	6.670000000E2	-4.350000000E2
1.305033333E0	6.690000000E2	-4.330000000E2
1.355222222E0	6.670000000E2	-4.290000000E2
1.405411111E0	6.720000000E2	-4.240000000E2
