lt_shoulder
t	x	y
0.000000000E0	6.170000000E2	-1.610000000E2
5.020000000E-2	6.170000000E2	-1.600000000E2
1.003888889E-1	6.140000000E2	-1.530000000E2
1.505888889E-1	6.130000000E2	-1.540000000E2
2.007777778E-1	6.100000000E2	-1.430000000E2
2.509666667E-1	6.120000000E2	-1.430000000E2
3.011666667E-1	6.110000000E2	-1.390000000E2
3.513555556E-1	6.110000000E2	-1.390000000E2
4.015555556E-1	6.110000000E2	-1.390000000E2
4.517444444E-1	6.190000000E2	-1.500000000E2
5.019333333E-1	6.200000000E2	-1.570000000E2
5.521333333E-1	6.230000000E2	-1.590000000E2
6.023222222E-1	6.280000000E2	-1.600000000E2
6.525111111E-1	6.290000000E2	-1.570000000E2
7.027111111E-1	6.340000000E2	-1.510000000E2
7.529000000E-1	6.350000000E2	-1.480000000E2
8.031000000E-1	6.350000000E2	-1.460000000E2
8.532888889E-1	6.350000000E2	-1.460000000E2
9.034777778E-1	6.350000000E2	-1.440000000E2
9.536777778E-1	6.370000000E2	-1.520000000E2
1.003866667E0	6.340000000E2	-1.550000000E2
1.054066667E0	6.360000000E2	-1.610000000E2
1.104255556E0	6.330000000E2	-1.650000000E2
1.154444444E0	6.320000000E2	-1.610000000E2
1.204644444E0	6.310000000E2	-1.590000000E2
1.254833333E0	6.280000000E2	-1.550000000E2
1.305033333E0	6.280000000E2	-1.500000000E2
1.355222222E0	6.310000000E2	-1.500000000E2
1.405411111E0	6.260000000E2	-1.540000000E2
