rt_elbow
t	x	y
0.000000000E0	8.410000000E2	-3.090000000E2
5.020000000E-2	8.330000000E2	-3.090000000E2
1.003888889E-1	8.210000000E2	-3.030000000E2
1.505888889E-1	8.130000000E2	-2.970000000E2
2.007777778E-1	8.060000000E2	-2.910000000E2
2.509666667E-1	8.020000000E2	-2.860000000E2
3.011666667E-1	7.980000000E2	-2.780000000E2
3.513555556E-1	7.990000000E2	-2.770000000E2
4.015555556E-1	7.980000000E2	-2.790000000E2
4.517444444E-1	7.930000000E2	-2.850000000E2
5.019333333E-1	7.930000000E2	-2.900000000E2
5.521333333E-1	7.930000000E2	-2.930000000E2
6.023222222E-1	7.920000000E2	-2.910000000E2
6.525111111E-1	7.940000000E2	-2.870000000E2
7.027111111E-1	7.960000000E2	-2.820000000E2
7.529000000E-1	7.930000000E2	-2.730000000E2
8.031000000E-1	7.960000000E2	-2.710000000E2
8.532888889E-1	7.970000000E2	-2.670000000E2
9.034777778E-1	8.000000000E2	-2.670000000E2
9.536777778E-1	7.970000000E2	-2.660000000E2
1.003866667E0	7.940000000E2	-2.670000000E2
1.054066667E0	7.920000000E2	-2.710000000E2
1.104255556E0	7.850000000E2	-2.670000000E2
1.154444444E0	7.800000000E2	-2.670000000E2
1.204644444E0	7.750000000E2	-2.640000000E2
1.254833333E0	7.710000000E2	-2.590000000E2
1.305033333E0	7.670000000E2	-2.550000000E2
1.355222222E0	7.620000000E2	-2.510000000E2
1.405411111E0	7.630000000E2	-2.490000000E2
