rt_ft
t	x	y
0.000000000E0	7.270000000E2	-8.140000000E2
5.020000000E-2	7.270000000E2	-7.900000000E2
1.003888889E-1	7.270000000E2	-7.510000000E2
1.505888889E-1	7.230000000E2	-7.030000000E2
2.007777778E-1	7.210000000E2	-6.600000000E2
2.509666667E-1	7.210000000E2	-6.490000000E2
3.011666667E-1	7.150000000E2	-6.450000000E2
3.513555556E-1	7.180000000E2	-6.570000000E2
4.015555556E-1	7.220000000E2	-6.670000000E2
4.517444444E-1	7.200000000E2	-6.310000000E2
5.019333333E-1	7.170000000E2	-6.250000000E2
5.521333333E-1	7.090000000E2	-6.300000000E2
6.023222222E-1	7.100000000E2	-6.380000000E2
6.525111111E-1	7.110000000E2	-6.270000000E2
7.027111111E-1	7.090000000E2	-6.300000000E2
7.529000000E-1	7.090000000E2	-6.290000000E2
8.031000000E-1	7.090000000E2	-6.260000000E2
8.532888889E-1	7.090000000E2	-6.240000000E2
9.034777778E-1	7.070000000E2	-6.210000000E2
9.536777778E-1	7.070000000E2	-6.230000000E2
1.003866667E0	7.050000000E2	-6.160000000E2
1.054066667E0	7.070000000E2	-6.130000000E2
1.104255556E0	7.070000000E2	-5.940000000E2
1.154444444E0	7.070000000E2	-5.830000000E2
1.204644444E0	7.120000000E2	-5.550000000E2
1.254833333E0	7.090000000E2	-5.260000000E2
1.305033333E0	7.130000000E2	-5.070000000E2
1.355222222E0	7.090000000E2	-5.090000000E2
1.405411111E0	7.090000000E2	-5.200000000E2
