rt_hip
t	x	y
0.000000000E0	7.550000000E2	-4.280000000E2
5.020000000E-2	7.450000000E2	-4.240000000E2
1.003888889E-1	7.440000000E2	-4.220000000E2
1.505888889E-1	7.370000000E2	-4.120000000E2
2.007777778E-1	7.370000000E2	-4.010000000E2
2.509666667E-1	7.360000000E2	-3.900000000E2
3.011666667E-1	7.390000000E2	-3.890000000E2
3.513555556E-1	7.370000000E2	-3.880000000E2
4.015555556E-1	7.380000000E2	-3.880000000E2
4.517444444E-1	7.380000000E2	-3.910000000E2
5.019333333E-1	7.380000000E2	-3.890000000E2
5.521333333E-1	7.410000000E2	-3.860000000E2
6.023222222E-1	7.410000000E2	-3.800000000E2
6.525111111E-1	7.450000000E2	-3.760000000E2
7.027111111E-1	7.480000000E2	-3.670000000E2
7.529000000E-1	7.470000000E2	-3.620000000E2
8.031000000E-1	7.460000000E2	-3.520000000E2
8.532888889E-1	7.410000000E2	-3.490000000E2
9.034777778E-1	7.370000000E2	-3.500000000E2
9.536777778E-1	7.350000000E2	-3.500000000E2
1.003866667E0	7.350000000E2	-3.500000000E2
1.054066667E0	7.320000000E2	-3.520000000E2
1.104255556E0	7.300000000E2	-3.480000000E2
1.154444444E0	7.250000000E2	-3.460000000E2
1.204644444E0	7.260000000E2	-3.440000000E2
1.254833333E0	7.200000000E2	-3.380000000E2
1.305033333E0	7.190000000E2	-3.340000000E2
1.355222222E0	7.210000000E2	-3.300000000E2
1.405411111E0	7.200000000E2	-3.260000000E2
