rt_hand
t	x	y
0.000000000E0	8.250000000E2	-3.650000000E2
5.020000000E-2	8.250000000E2	-3.690000000E2
1.003888889E-1	8.210000000E2	-3.730000000E2
1.505888889E-1	8.190000000E2	-3.760000000E2
2.007777778E-1	8.190000000E2	-3.770000000E2
2.509666667E-1	8.170000000E2	-3.770000000E2
3.011666667E-1	8.140000000E2	-3.770000000E2
3.513555556E-1	8.110000000E2	-3.750000000E2
4.015555556E-1	8.100000000E2	-3.790000000E2
4.517444444E-1	8.110000000E2	-3.870000000E2
5.019333333E-1	8.060000000E2	-3.850000000E2
5.521333333E-1	8.090000000E2	-3.860000000E2
6.023222222E-1	8.090000000E2	-3.850000000E2
6.525111111E-1	8.070000000E2	-3.750000000E2
7.027111111E-1	8.070000000E2	-3.660000000E2
7.529000000E-1	8.040000000E2	-3.520000000E2
8.031000000E-1	8.030000000E2	-3.430000000E2
8.532888889E-1	8.010000000E2	-3.310000000E2
9.034777778E-1	7.930000000E2	-3.200000000E2
9.536777778E-1	7.910000000E2	-3.120000000E2
1.003866667E0	7.870000000E2	-3.120000000E2
1.054066667E0	7.860000000E2	-3.130000000E2
1.104255556E0	7.810000000E2	-3.130000000E2
1.154444444E0	7.810000000E2	-3.190000000E2
1.204644444E0	7.820000000E2	-3.220000000E2
1.254833333E0	7.780000000E2	-3.230000000E2
1.305033333E0	7.780000000E2	-3.230000000E2
1.355222222E0	7.780000000E2	-3.230000000E2
1.405411111E0	7.770000000E2	-3.210000000E2
