rt_knee
t	x	y
0.000000000E0	7.490000000E2	-5.740000000E2
5.020000000E-2	7.490000000E2	-5.670000000E2
1.003888889E-1	7.500000000E2	-5.610000000E2
1.505888889E-1	7.440000000E2	-5.540000000E2
2.007777778E-1	7.380000000E2	-5.340000000E2
2.509666667E-1	7.320000000E2	-5.110000000E2
3.011666667E-1	7.330000000E2	-4.980000000E2
3.513555556E-1	7.330000000E2	-4.930000000E2
4.015555556E-1	7.330000000E2	-4.970000000E2
4.517444444E-1	7.340000000E2	-5.080000000E2
5.019333333E-1	7.360000000E2	-5.090000000E2
5.521333333E-1	7.400000000E2	-5.060000000E2
6.023222222E-1	7.450000000E2	-4.920000000E2
6.525111111E-1	7.470000000E2	-4.860000000E2
7.027111111E-1	7.500000000E2	-4.770000000E2
7.529000000E-1	7.410000000E2	-4.710000000E2
8.031000000E-1	7.410000000E2	-4.680000000E2
8.532888889E-1	7.370000000E2	-4.650000000E2
9.034777778E-1	7.290000000E2	-4.650000000E2
9.536777778E-1	7.290000000E2	-4.550000000E2
1.003866667E0	7.270000000E2	-4.530000000E2
1.054066667E0	7.280000000E2	-4.490000000E2
1.104255556E0	7.260000000E2	-4.460000000E2
1.154444444E0	7.260000000E2	-4.450000000E2
1.204644444E0	7.280000000E2	-4.480000000E2
1.254833333E0	7.250000000E2	-4.390000000E2
1.305033333E0	7.210000000E2	-4.290000000E2
1.355222222E0	7.170000000E2	-4.130000000E2
1.405411111E0	7.180000000E2	-4.090000000E2
