rt_shoulder
t	x	y
0.000000000E0	7.870000000E2	-1.520000000E2
5.020000000E-2	7.830000000E2	-1.550000000E2
1.003888889E-1	7.770000000E2	-1.480000000E2
1.505888889E-1	7.750000000E2	-1.440000000E2
2.007777778E-1	7.710000000E2	-1.370000000E2
2.509666667E-1	7.720000000E2	-1.350000000E2
3.011666667E-1	7.690000000E2	-1.350000000E2
3.513555556E-1	7.680000000E2	-1.340000000E2
4.015555556E-1	7.660000000E2	-1.430000000E2
4.517444444E-1	7.670000000E2	-1.480000000E2
5.019333333E-1	7.660000000E2	-1.530000000E2
5.521333333E-1	7.660000000E2	-1.570000000E2
6.023222222E-1	7.690000000E2	-1.590000000E2
6.525111111E-1	7.720000000E2	-1.580000000E2
7.027111111E-1	7.710000000E2	-1.560000000E2
7.529000000E-1	7.710000000E2	-1.500000000E2
8.031000000E-1	7.680000000E2	-1.430000000E2
8.532888889E-1	7.670000000E2	-1.420000000E2
9.034777778E-1	7.630000000E2	-1.410000000E2
9.536777778E-1	7.610000000E2	-1.490000000E2
1.003866667E0	7.610000000E2	-1.550000000E2
1.054066667E0	7.570000000E2	-1.610000000E2
1.104255556E0	7.530000000E2	-1.570000000E2
1.154444444E0	7.500000000E2	-1.550000000E2
1.204644444E0	7.470000000E2	-1.530000000E2
1.254833333E0	7.450000000E2	-1.520000000E2
1.305033333E0	7.450000000E2	-1.480000000E2
1.355222222E0	7.420000000E2	-1.450000000E2
1.405411111E0	7.400000000E2	-1.480000000E2
