back
t	x	y
0.000000000E0	7.070000000E2	-3.630000000E2
5.020000000E-2	7.050000000E2	-3.590000000E2
1.003888889E-1	7.040000000E2	-3.490000000E2
1.505888889E-1	7.020000000E2	-3.410000000E2
2.007777778E-1	6.980000000E2	-3.340000000E2
2.509666667E-1	7.010000000E2	-3.250000000E2
3.011666667E-1	7.020000000E2	-3.210000000E2
3.513555556E-1	7.050000000E2	-3.240000000E2
4.015555556E-1	7.040000000E2	-3.270000000E2
4.517444444E-1	7.050000000E2	-3.270000000E2
5.019333333E-1	7.040000000E2	-3.330000000E2
5.521333333E-1	7.070000000E2	-3.290000000E2
6.023222222E-1	7.110000000E2	-3.270000000E2
6.525111111E-1	7.110000000E2	-3.210000000E2
7.027111111E-1	7.150000000E2	-3.130000000E2
7.529000000E-1	7.130000000E2	-3.060000000E2
8.031000000E-1	7.090000000E2	-2.970000000E2
8.532888889E-1	7.050000000E2	-3.010000000E2
9.034777778E-1	7.060000000E2	-3.010000000E2
9.536777778E-1	7.050000000E2	-3.030000000E2
1.003866667E0	7.040000000E2	-3.070000000E2
1.054066667E0	7.010000000E2	-3.110000000E2
1.104255556E0	6.990000000E2	-3.110000000E2
1.154444444E0	6.970000000E2	-3.060000000E2
1.204644444E0	6.950000000E2	-3.050000000E2
1.254833333E0	6.950000000E2	-2.960000000E2
1.305033333E0	6.940000000E2	-2.890000000E2
1.355222222E0	6.940000000E2	-2.870000000E2
1.405411111E0	6.950000000E2	-2.830000000E2
