lt_elbow
t	x	y
0.000000000E0	-5.340000000E2	-6.900000000E1
5.036666667E-2	-5.240000000E2	-6.900000000E1
1.003888889E-1	-5.170000000E2	-6.800000000E1
1.504111111E-1	-5.130000000E2	-6.500000000E1
2.008777778E-1	-5.080000000E2	-6.100000000E1
2.508444444E-1	-5.040000000E2	-6.000000000E1
3.008111111E-1	-5.030000000E2	-5.300000000E1
3.509000000E-1	-4.980000000E2	-5.200000000E1
4.014444444E-1	-5.000000000E2	-4.900000000E1
4.516333333E-1	-5.010000000E2	-4.900000000E1
5.017111111E-1	-5.040000000E2	-4.600000000E1
5.519222222E-1	-5.080000000E2	-5.100000000E1
6.021333333E-1	-5.140000000E2	-5.600000000E1
6.523444444E-1	-5.220000000E2	-6.100000000E1
7.022222222E-1	-5.360000000E2	-6.400000000E1
7.524555556E-1	-5.440000000E2	-5.900000000E1
8.025333333E-1	-5.550000000E2	-4.800000000E1
8.526111111E-1	-5.700000000E2	-2.900000000E1
9.028888889E-1	-5.810000000E2	-1.900000000E1
9.530111111E-1	-5.870000000E2	-1.200000000E1
1.003133333E0	-5.960000000E2	-6.000000000E0
1.053566667E0	-5.980000000E2	-1.000000000E0
1.103533333E0	-6.020000000E2	4.000000000E0
1.153500000E0	-6.010000000E2	1.000000000E0
1.203811111E0	-5.990000000E2	1.000000000E0
1.253988889E0	-5.960000000E2	-5.000000000E0
1.304166667E0	-5.890000000E2	-9.000000000E0
1.354511111E0	-5.810000000E2	-1.300000000E1
1.404555556E0	-5.720000000E2	-1.500000000E1
1.454711111E0	-5.620000000E2	-1.700000000E1
1.504866667E0	-5.520000000E2	-1.500000000E1
1.555022222E0	-5.420000000E2	-1.000000000E1
1.605177778E0	-5.300000000E2	5.000000000E0
1.655333333E0	-5.200000000E2	2.400000000E1
1.705488889E0	-5.090000000E2	3.900000000E1
1.755644444E0	-5.020000000E2	5.300000000E1
1.805800000E0	-4.900000000E2	6.900000000E1
1.855955556E0	-4.800000000E2	7.900000000E1
1.906111111E0	-4.770000000E2	8.500000000E1
1.956266667E0	-4.700000000E2	8.100000000E1
2.006300000E0	-4.640000000E2	8.000000000E1
2.056333333E0	-4.600000000E2	8.500000000E1
2.106700000E0	-4.620000000E2	8.300000000E1
2.156933333E0	-4.610000000E2	7.700000000E1
2.207033333E0	-4.600000000E2	7.600000000E1
2.256977778E0	-4.640000000E2	6.900000000E1
2.307133333E0	-4.660000000E2	6.100000000E1
2.357288889E0	-4.680000000E2	5.600000000E1
2.407655556E0	-4.730000000E2	5.900000000E1
2.457877778E0	-4.780000000E2	6.800000000E1
2.508100000E0	-4.860000000E2	7.600000000E1
2.558133333E0	-4.920000000E2	8.300000000E1
2.608388889E0	-4.980000000E2	8.800000000E1
2.658255556E0	-5.050000000E2	9.700000000E1
2.708422222E0	-5.070000000E2	1.020000000E2
2.758588889E0	-5.150000000E2	1.030000000E2
2.808755556E0	-5.160000000E2	1.070000000E2
2.858922222E0	-5.240000000E2	1.070000000E2
2.909088889E0	-5.240000000E2	1.050000000E2
2.959255556E0	-5.240000000E2	1.040000000E2
3.009422222E0	-5.180000000E2	9.900000000E1
3.059588889E0	-5.140000000E2	9.800000000E1
3.109755556E0	-5.090000000E2	9.400000000E1
3.159922222E0	-4.980000000E2	9.100000000E1
3.210088889E0	-4.900000000E2	9.000000000E1
3.260377778E0	-4.820000000E2	8.800000000E1
3.310533333E0	-4.710000000E2	9.900000000E1
3.360500000E0	-4.540000000E2	1.130000000E2
3.410655556E0	-4.500000000E2	1.250000000E2
3.460811111E0	-4.440000000E2	1.390000000E2
3.510966667E0	-4.400000000E2	1.460000000E2
3.561122222E0	-4.330000000E2	1.560000000E2
