lt_hand
t	x	y
0.000000000E0	-6.120000000E2	-2.860000000E2
5.036666667E-2	-6.060000000E2	-2.860000000E2
1.003888889E-1	-6.030000000E2	-2.860000000E2
1.504111111E-1	-6.020000000E2	-2.860000000E2
2.008777778E-1	-6.020000000E2	-2.860000000E2
2.508444444E-1	-6.010000000E2	-2.840000000E2
3.008111111E-1	-6.010000000E2	-2.840000000E2
3.509000000E-1	-6.000000000E2	-2.790000000E2
4.014444444E-1	-5.980000000E2	-2.780000000E2
4.516333333E-1	-5.980000000E2	-2.780000000E2
5.017111111E-1	-6.000000000E2	-2.790000000E2
5.519222222E-1	-6.000000000E2	-2.820000000E2
6.021333333E-1	-6.080000000E2	-2.850000000E2
6.523444444E-1	-6.090000000E2	-2.910000000E2
7.022222222E-1	-6.190000000E2	-2.920000000E2
7.524555556E-1	-6.280000000E2	-2.830000000E2
8.025333333E-1	-6.390000000E2	-2.690000000E2
8.526111111E-1	-6.430000000E2	-2.510000000E2
9.028888889E-1	-6.520000000E2	-2.380000000E2
9.530111111E-1	-6.560000000E2	-2.180000000E2
1.003133333E0	-6.580000000E2	-2.020000000E2
1.053566667E0	-6.580000000E2	-1.910000000E2
1.103533333E0	-6.530000000E2	-1.880000000E2
1.153500000E0	-6.460000000E2	-1.840000000E2
1.203811111E0	-6.420000000E2	-1.840000000E2
1.253988889E0	-6.280000000E2	-1.860000000E2
1.304166667E0	-6.180000000E2	-1.940000000E2
1.354511111E0	-6.080000000E2	-2.030000000E2
1.404555556E0	-5.990000000E2	-2.110000000E2
1.454711111E0	-5.960000000E2	-2.150000000E2
1.504866667E0	-5.900000000E2	-2.160000000E2
1.555022222E0	-5.890000000E2	-2.030000000E2
1.605177778E0	-5.880000000E2	-1.870000000E2
1.655333333E0	-5.850000000E2	-1.660000000E2
1.705488889E0	-5.770000000E2	-1.510000000E2
1.755644444E0	-5.710000000E2	-1.310000000E2
1.805800000E0	-5.660000000E2	-1.170000000E2
1.855955556E0	-5.520000000E2	-1.100000000E2
1.906111111E0	-5.520000000E2	-1.070000000E2
1.956266667E0	-5.440000000E2	-1.020000000E2
2.006300000E0	-5.420000000E2	-1.050000000E2
2.056333333E0	-5.400000000E2	-1.090000000E2
2.106700000E0	-5.370000000E2	-1.090000000E2
2.156933333E0	-5.370000000E2	-1.090000000E2
2.207033333E0	-5.400000000E2	-1.150000000E2
2.256977778E0	-5.400000000E2	-1.170000000E2
2.307133333E0	-5.420000000E2	-1.250000000E2
2.357288889E0	-5.440000000E2	-1.210000000E2
2.407655556E0	-5.440000000E2	-1.210000000E2
2.457877778E0	-5.470000000E2	-1.150000000E2
2.508100000E0	-5.510000000E2	-1.000000000E2
2.558133333E0	-5.580000000E2	-9.400000000E1
2.608388889E0	-5.650000000E2	-8.700000000E1
2.658255556E0	-5.670000000E2	-8.000000000E1
2.708422222E0	-5.700000000E2	-7.300000000E1
2.758588889E0	-5.720000000E2	-6.900000000E1
2.808755556E0	-5.720000000E2	-6.000000000E1
2.858922222E0	-5.680000000E2	-5.700000000E1
2.909088889E0	-5.620000000E2	-5.800000000E1
2.959255556E0	-5.560000000E2	-5.900000000E1
3.009422222E0	-5.500000000E2	-6.200000000E1
3.059588889E0	-5.420000000E2	-6.600000000E1
3.109755556E0	-5.370000000E2	-7.300000000E1
3.159922222E0	-5.310000000E2	-7.700000000E1
3.210088889E0	-5.250000000E2	-8.200000000E1
3.260377778E0	-5.220000000E2	-7.700000000E1
3.310533333E0	-5.140000000E2	-7.200000000E1
3.360500000E0	-5.120000000E2	-5.100000000E1
3.410655556E0	-5.060000000E2	-4.100000000E1
3.460811111E0	-5.020000000E2	-2.500000000E1
3.510966667E0	-4.940000000E2	-1.400000000E1
3.561122222E0	-4.920000000E2	-7.000000000E0
