lt_hip
t	x	y
0.000000000E0	-4.680000000E2	-2.320000000E2
5.036666667E-2	-4.620000000E2	-2.360000000E2
1.003888889E-1	-4.540000000E2	-2.410000000E2
1.504111111E-1	-4.520000000E2	-2.440000000E2
2.008777778E-1	-4.580000000E2	-2.430000000E2
2.508444444E-1	-4.620000000E2	-2.360000000E2
3.008111111E-1	-4.620000000E2	-2.320000000E2
3.509000000E-1	-4.660000000E2	-2.260000000E2
4.014444444E-1	-4.680000000E2	-2.220000000E2
4.516333333E-1	-4.760000000E2	-2.220000000E2
5.017111111E-1	-4.800000000E2	-2.220000000E2
5.519222222E-1	-4.840000000E2	-2.290000000E2
6.021333333E-1	-4.840000000E2	-2.370000000E2
6.523444444E-1	-4.910000000E2	-2.370000000E2
7.022222222E-1	-4.980000000E2	-2.320000000E2
7.524555556E-1	-5.030000000E2	-2.230000000E2
8.025333333E-1	-5.080000000E2	-2.100000000E2
8.526111111E-1	-5.120000000E2	-1.940000000E2
9.028888889E-1	-5.120000000E2	-1.720000000E2
9.530111111E-1	-5.100000000E2	-1.620000000E2
1.003133333E0	-5.080000000E2	-1.450000000E2
1.053566667E0	-5.050000000E2	-1.400000000E2
1.103533333E0	-5.010000000E2	-1.340000000E2
1.153500000E0	-5.000000000E2	-1.360000000E2
1.203811111E0	-4.940000000E2	-1.400000000E2
1.253988889E0	-4.920000000E2	-1.430000000E2
1.304166667E0	-4.890000000E2	-1.480000000E2
1.354511111E0	-4.860000000E2	-1.530000000E2
1.404555556E0	-4.810000000E2	-1.580000000E2
1.454711111E0	-4.760000000E2	-1.620000000E2
1.504866667E0	-4.690000000E2	-1.640000000E2
1.555022222E0	-4.590000000E2	-1.560000000E2
1.605177778E0	-4.500000000E2	-1.450000000E2
1.655333333E0	-4.420000000E2	-1.240000000E2
1.705488889E0	-4.330000000E2	-1.130000000E2
1.755644444E0	-4.280000000E2	-1.020000000E2
1.805800000E0	-4.240000000E2	-8.200000000E1
1.855955556E0	-4.280000000E2	-7.200000000E1
1.906111111E0	-4.310000000E2	-6.900000000E1
1.956266667E0	-4.300000000E2	-6.400000000E1
2.006300000E0	-4.300000000E2	-6.400000000E1
2.056333333E0	-4.300000000E2	-6.400000000E1
2.106700000E0	-4.370000000E2	-6.400000000E1
2.156933333E0	-4.360000000E2	-6.700000000E1
2.207033333E0	-4.360000000E2	-7.200000000E1
2.256977778E0	-4.360000000E2	-7.600000000E1
2.307133333E0	-4.360000000E2	-8.000000000E1
2.357288889E0	-4.410000000E2	-7.900000000E1
2.407655556E0	-4.460000000E2	-7.200000000E1
2.457877778E0	-4.520000000E2	-6.000000000E1
2.508100000E0	-4.530000000E2	-4.400000000E1
2.558133333E0	-4.560000000E2	-3.600000000E1
2.608388889E0	-4.560000000E2	-3.100000000E1
2.658255556E0	-4.560000000E2	-1.800000000E1
2.708422222E0	-4.560000000E2	-1.200000000E1
2.758588889E0	-4.520000000E2	-8.000000000E0
2.808755556E0	-4.520000000E2	-8.000000000E0
2.858922222E0	-4.460000000E2	-4.000000000E0
2.909088889E0	-4.460000000E2	-7.000000000E0
2.959255556E0	-4.420000000E2	-1.100000000E1
3.009422222E0	-4.420000000E2	-1.500000000E1
3.059588889E0	-4.420000000E2	-1.500000000E1
3.109755556E0	-4.360000000E2	-2.200000000E1
3.159922222E0	-4.340000000E2	-2.600000000E1
3.210088889E0	-4.280000000E2	-2.600000000E1
3.260377778E0	-4.220000000E2	-2.600000000E1
3.310533333E0	-4.120000000E2	-2.000000000E1
3.360500000E0	-4.060000000E2	-8.000000000E0
3.410655556E0	-4.020000000E2	6.000000000E0
3.460811111E0	-3.950000000E2	1.800000000E1
3.510966667E0	-3.880000000E2	3.000000000E1
3.561122222E0	-3.860000000E2	3.800000000E1
