lt_leg
t	x	y
0.000000000E0	-4.210000000E2	-9.020000000E2
5.036666667E-2	-4.290000000E2	-8.970000000E2
1.003888889E-1	-4.360000000E2	-8.780000000E2
1.504111111E-1	-4.390000000E2	-8.480000000E2
2.008777778E-1	-4.490000000E2	-8.030000000E2
2.508444444E-1	-4.550000000E2	-7.660000000E2
3.008111111E-1	-4.610000000E2	-7.290000000E2
3.509000000E-1	-4.650000000E2	-7.130000000E2
4.014444444E-1	-4.650000000E2	-7.060000000E2
4.516333333E-1	-4.650000000E2	-7.060000000E2
5.017111111E-1	-4.660000000E2	-7.060000000E2
5.519222222E-1	-4.670000000E2	-7.130000000E2
6.021333333E-1	-4.670000000E2	-7.130000000E2
6.523444444E-1	-4.700000000E2	-7.110000000E2
7.022222222E-1	-4.700000000E2	-7.110000000E2
7.524555556E-1	-4.700000000E2	-7.110000000E2
8.025333333E-1	-4.700000000E2	-7.110000000E2
8.526111111E-1	-4.740000000E2	-7.130000000E2
9.028888889E-1	-4.740000000E2	-7.130000000E2
9.530111111E-1	-4.760000000E2	-7.190000000E2
1.003133333E0	-4.760000000E2	-7.200000000E2
1.053566667E0	-4.760000000E2	-7.200000000E2
1.103533333E0	-4.740000000E2	-7.270000000E2
1.153500000E0	-4.710000000E2	-7.290000000E2
1.203811111E0	-4.690000000E2	-7.310000000E2
1.253988889E0	-4.680000000E2	-7.370000000E2
1.304166667E0	-4.670000000E2	-7.370000000E2
1.354511111E0	-4.650000000E2	-7.410000000E2
1.404555556E0	-4.640000000E2	-7.430000000E2
1.454711111E0	-4.640000000E2	-7.430000000E2
1.504866667E0	-4.620000000E2	-7.410000000E2
1.555022222E0	-4.620000000E2	-7.280000000E2
1.605177778E0	-4.620000000E2	-7.130000000E2
1.655333333E0	-4.660000000E2	-6.890000000E2
1.705488889E0	-4.660000000E2	-6.560000000E2
1.755644444E0	-4.570000000E2	-6.080000000E2
1.805800000E0	-4.490000000E2	-5.580000000E2
1.855955556E0	-4.450000000E2	-5.150000000E2
1.906111111E0	-4.450000000E2	-4.820000000E2
1.956266667E0	-4.450000000E2	-4.610000000E2
2.006300000E0	-4.450000000E2	-4.510000000E2
2.056333333E0	-4.370000000E2	-4.510000000E2
2.106700000E0	-4.330000000E2	-4.510000000E2
2.156933333E0	-4.250000000E2	-4.590000000E2
2.207033333E0	-4.250000000E2	-4.600000000E2
2.256977778E0	-4.260000000E2	-4.640000000E2
2.307133333E0	-4.310000000E2	-4.710000000E2
2.357288889E0	-4.310000000E2	-4.710000000E2
2.407655556E0	-4.310000000E2	-4.710000000E2
2.457877778E0	-4.310000000E2	-4.710000000E2
2.508100000E0	-4.310000000E2	-4.750000000E2
2.558133333E0	-4.310000000E2	-4.750000000E2
2.608388889E0	-4.310000000E2	-4.750000000E2
2.658255556E0	-4.320000000E2	-4.780000000E2
2.708422222E0	-4.320000000E2	-4.780000000E2
2.758588889E0	-4.310000000E2	-4.830000000E2
2.808755556E0	-4.310000000E2	-4.830000000E2
2.858922222E0	-4.290000000E2	-4.830000000E2
2.909088889E0	-4.290000000E2	-4.830000000E2
2.959255556E0	-4.290000000E2	-4.830000000E2
3.009422222E0	-4.290000000E2	-4.840000000E2
3.059588889E0	-4.290000000E2	-4.840000000E2
3.109755556E0	-4.290000000E2	-4.850000000E2
3.159922222E0	-4.290000000E2	-4.850000000E2
3.210088889E0	-4.290000000E2	-4.830000000E2
3.260377778E0	-4.260000000E2	-4.790000000E2
3.310533333E0	-4.270000000E2	-4.710000000E2
3.360500000E0	-4.290000000E2	-4.560000000E2
3.410655556E0	-4.290000000E2	-4.370000000E2
3.460811111E0	-4.330000000E2	-4.110000000E2
3.510966667E0	-4.230000000E2	-3.860000000E2
3.561122222E0	-4.210000000E2	-3.630000000E2
