lt_shoulder
t	x	y
0.000000000E0	-5.090000000E2	2.340000000E2
5.036666667E-2	-5.060000000E2	2.300000000E2
1.003888889E-1	-4.960000000E2	2.240000000E2
1.504111111E-1	-4.850000000E2	2.270000000E2
2.008777778E-1	-4.780000000E2	2.320000000E2
2.508444444E-1	-4.730000000E2	2.260000000E2
3.008111111E-1	-4.680000000E2	2.260000000E2
3.509000000E-1	-4.690000000E2	2.240000000E2
4.014444444E-1	-4.660000000E2	2.250000000E2
4.516333333E-1	-4.710000000E2	2.230000000E2
5.017111111E-1	-4.720000000E2	2.160000000E2
5.519222222E-1	-4.800000000E2	2.100000000E2
6.021333333E-1	-4.880000000E2	1.990000000E2
6.523444444E-1	-4.990000000E2	1.900000000E2
7.022222222E-1	-5.120000000E2	1.850000000E2
7.524555556E-1	-5.290000000E2	1.870000000E2
8.025333333E-1	-5.410000000E2	2.040000000E2
8.526111111E-1	-5.510000000E2	2.140000000E2
9.028888889E-1	-5.600000000E2	2.400000000E2
9.530111111E-1	-5.650000000E2	2.490000000E2
1.003133333E0	-5.740000000E2	2.520000000E2
1.053566667E0	-5.800000000E2	2.620000000E2
1.103533333E0	-5.800000000E2	2.660000000E2
1.153500000E0	-5.840000000E2	2.600000000E2
1.203811111E0	-5.840000000E2	2.590000000E2
1.253988889E0	-5.790000000E2	2.540000000E2
1.304166667E0	-5.710000000E2	2.430000000E2
1.354511111E0	-5.600000000E2	2.360000000E2
1.404555556E0	-5.520000000E2	2.330000000E2
1.454711111E0	-5.440000000E2	2.240000000E2
1.504866667E0	-5.340000000E2	2.220000000E2
1.555022222E0	-5.220000000E2	2.200000000E2
1.605177778E0	-5.110000000E2	2.310000000E2
1.655333333E0	-5.040000000E2	2.400000000E2
1.705488889E0	-4.790000000E2	2.600000000E2
1.755644444E0	-4.730000000E2	2.720000000E2
1.805800000E0	-4.610000000E2	2.880000000E2
1.855955556E0	-4.490000000E2	2.930000000E2
1.906111111E0	-4.440000000E2	3.000000000E2
1.956266667E0	-4.410000000E2	2.980000000E2
2.006300000E0	-4.380000000E2	3.000000000E2
2.056333333E0	-4.360000000E2	2.940000000E2
2.106700000E0	-4.340000000E2	3.000000000E2
2.156933333E0	-4.320000000E2	2.840000000E2
2.207033333E0	-4.380000000E2	2.760000000E2
2.256977778E0	-4.440000000E2	2.640000000E2
2.307133333E0	-4.500000000E2	2.600000000E2
2.357288889E0	-4.560000000E2	2.520000000E2
2.407655556E0	-4.660000000E2	2.510000000E2
2.457877778E0	-4.740000000E2	2.570000000E2
2.508100000E0	-4.840000000E2	2.680000000E2
2.558133333E0	-4.910000000E2	2.780000000E2
2.608388889E0	-4.950000000E2	2.860000000E2
2.658255556E0	-5.010000000E2	2.940000000E2
2.708422222E0	-5.040000000E2	3.030000000E2
2.758588889E0	-5.100000000E2	3.100000000E2
2.808755556E0	-5.090000000E2	3.120000000E2
2.858922222E0	-5.070000000E2	3.100000000E2
2.909088889E0	-5.080000000E2	3.120000000E2
2.959255556E0	-5.060000000E2	3.070000000E2
3.009422222E0	-5.050000000E2	3.040000000E2
3.059588889E0	-5.010000000E2	2.970000000E2
3.109755556E0	-4.900000000E2	2.920000000E2
3.159922222E0	-4.870000000E2	2.840000000E2
3.210088889E0	-4.760000000E2	2.780000000E2
3.260377778E0	-4.690000000E2	2.790000000E2
3.310533333E0	-4.520000000E2	2.760000000E2
3.360500000E0	-4.460000000E2	2.820000000E2
3.410655556E0	-4.340000000E2	2.960000000E2
3.460811111E0	-4.260000000E2	3.080000000E2
3.510966667E0	-4.160000000E2	3.220000000E2
3.561122222E0	-4.150000000E2	3.290000000E2
