rt_elbow
t	x	y
0.000000000E0	-1.990000000E2	-8.900000000E1
5.036666667E-2	-1.880000000E2	-9.600000000E1
1.003888889E-1	-1.800000000E2	-1.010000000E2
1.504111111E-1	-1.740000000E2	-1.000000000E2
2.008777778E-1	-1.700000000E2	-9.800000000E1
2.508444444E-1	-1.640000000E2	-9.800000000E1
3.008111111E-1	-1.610000000E2	-9.600000000E1
3.509000000E-1	-1.600000000E2	-9.700000000E1
4.014444444E-1	-1.600000000E2	-9.600000000E1
4.516333333E-1	-1.630000000E2	-9.600000000E1
5.017111111E-1	-1.680000000E2	-9.800000000E1
5.519222222E-1	-1.740000000E2	-9.800000000E1
6.021333333E-1	-1.770000000E2	-9.800000000E1
6.523444444E-1	-1.900000000E2	-9.800000000E1
7.022222222E-1	-2.000000000E2	-8.600000000E1
7.524555556E-1	-2.140000000E2	-8.000000000E1
8.025333333E-1	-2.260000000E2	-5.700000000E1
8.526111111E-1	-2.340000000E2	-3.600000000E1
9.028888889E-1	-2.480000000E2	-8.000000000E0
9.530111111E-1	-2.570000000E2	4.000000000E0
1.003133333E0	-2.640000000E2	1.400000000E1
1.053566667E0	-2.670000000E2	2.600000000E1
1.103533333E0	-2.730000000E2	3.000000000E1
1.153500000E0	-2.740000000E2	3.100000000E1
1.203811111E0	-2.740000000E2	2.700000000E1
1.253988889E0	-2.760000000E2	1.900000000E1
1.304166667E0	-2.760000000E2	1.600000000E1
1.354511111E0	-2.760000000E2	6.000000000E0
1.404555556E0	-2.720000000E2	-2.000000000E0
1.454711111E0	-2.690000000E2	-8.000000000E0
1.504866667E0	-2.630000000E2	-1.600000000E1
1.555022222E0	-2.560000000E2	-1.700000000E1
1.605177778E0	-2.500000000E2	-1.000000000E1
1.655333333E0	-2.410000000E2	2.000000000E0
1.705488889E0	-2.260000000E2	1.200000000E1
1.755644444E0	-2.110000000E2	2.800000000E1
1.805800000E0	-2.000000000E2	3.600000000E1
1.855955556E0	-1.890000000E2	4.500000000E1
1.906111111E0	-1.850000000E2	5.000000000E1
1.956266667E0	-1.780000000E2	4.600000000E1
2.006300000E0	-1.740000000E2	4.200000000E1
2.056333333E0	-1.750000000E2	4.100000000E1
2.106700000E0	-1.760000000E2	3.800000000E1
2.156933333E0	-1.770000000E2	3.300000000E1
2.207033333E0	-1.830000000E2	2.600000000E1
2.256977778E0	-1.910000000E2	2.400000000E1
2.307133333E0	-1.970000000E2	2.100000000E1
2.357288889E0	-2.000000000E2	3.000000000E1
2.407655556E0	-2.110000000E2	3.600000000E1
2.457877778E0	-2.180000000E2	5.400000000E1
2.508100000E0	-2.300000000E2	7.400000000E1
2.558133333E0	-2.370000000E2	9.100000000E1
2.608388889E0	-2.420000000E2	1.090000000E2
2.658255556E0	-2.440000000E2	1.180000000E2
2.708422222E0	-2.530000000E2	1.250000000E2
2.758588889E0	-2.520000000E2	1.270000000E2
2.808755556E0	-2.580000000E2	1.280000000E2
2.858922222E0	-2.640000000E2	1.270000000E2
2.909088889E0	-2.640000000E2	1.260000000E2
2.959255556E0	-2.680000000E2	1.180000000E2
3.009422222E0	-2.680000000E2	1.120000000E2
3.059588889E0	-2.660000000E2	1.080000000E2
3.109755556E0	-2.620000000E2	1.010000000E2
3.159922222E0	-2.590000000E2	9.300000000E1
3.210088889E0	-2.510000000E2	8.800000000E1
3.260377778E0	-2.480000000E2	8.000000000E1
3.310533333E0	-2.400000000E2	8.100000000E1
3.360500000E0	-2.360000000E2	8.600000000E1
3.410655556E0	-2.270000000E2	9.700000000E1
3.460811111E0	-2.210000000E2	1.100000000E2
3.510966667E0	-2.090000000E2	1.220000000E2
3.561122222E0	-2.040000000E2	1.230000000E2
