rt_hand
t	x	y
0.000000000E0	-2.100000000E2	-3.350000000E2
5.036666667E-2	-2.040000000E2	-3.360000000E2
1.003888889E-1	-1.950000000E2	-3.380000000E2
1.504111111E-1	-1.900000000E2	-3.400000000E2
2.008777778E-1	-1.820000000E2	-3.400000000E2
2.508444444E-1	-1.780000000E2	-3.400000000E2
3.008111111E-1	-1.780000000E2	-3.400000000E2
3.509000000E-1	-1.720000000E2	-3.420000000E2
4.014444444E-1	-1.760000000E2	-3.420000000E2
4.516333333E-1	-1.800000000E2	-3.420000000E2
5.017111111E-1	-1.810000000E2	-3.420000000E2
5.519222222E-1	-1.850000000E2	-3.440000000E2
6.021333333E-1	-1.910000000E2	-3.440000000E2
6.523444444E-1	-2.000000000E2	-3.420000000E2
7.022222222E-1	-2.010000000E2	-3.330000000E2
7.524555556E-1	-2.090000000E2	-3.130000000E2
8.025333333E-1	-2.160000000E2	-2.960000000E2
8.526111111E-1	-2.200000000E2	-2.760000000E2
9.028888889E-1	-2.280000000E2	-2.420000000E2
9.530111111E-1	-2.320000000E2	-2.320000000E2
1.003133333E0	-2.390000000E2	-2.170000000E2
1.053566667E0	-2.430000000E2	-2.050000000E2
1.103533333E0	-2.460000000E2	-1.970000000E2
1.153500000E0	-2.460000000E2	-1.970000000E2
1.203811111E0	-2.490000000E2	-2.020000000E2
1.253988889E0	-2.520000000E2	-2.090000000E2
1.304166667E0	-2.520000000E2	-2.090000000E2
1.354511111E0	-2.520000000E2	-2.160000000E2
1.404555556E0	-2.500000000E2	-2.260000000E2
1.454711111E0	-2.460000000E2	-2.320000000E2
1.504866667E0	-2.400000000E2	-2.360000000E2
1.555022222E0	-2.320000000E2	-2.350000000E2
1.605177778E0	-2.240000000E2	-2.240000000E2
1.655333333E0	-2.120000000E2	-2.050000000E2
1.705488889E0	-2.030000000E2	-1.940000000E2
1.755644444E0	-1.960000000E2	-1.820000000E2
1.805800000E0	-1.920000000E2	-1.720000000E2
1.855955556E0	-1.800000000E2	-1.600000000E2
1.906111111E0	-1.790000000E2	-1.520000000E2
1.956266667E0	-1.750000000E2	-1.520000000E2
2.006300000E0	-1.780000000E2	-1.520000000E2
2.056333333E0	-1.830000000E2	-1.520000000E2
2.106700000E0	-1.860000000E2	-1.530000000E2
2.156933333E0	-1.940000000E2	-1.560000000E2
2.207033333E0	-2.000000000E2	-1.620000000E2
2.256977778E0	-2.060000000E2	-1.660000000E2
2.307133333E0	-2.110000000E2	-1.670000000E2
2.357288889E0	-2.130000000E2	-1.640000000E2
2.407655556E0	-2.120000000E2	-1.520000000E2
2.457877778E0	-2.110000000E2	-1.390000000E2
2.508100000E0	-2.110000000E2	-1.220000000E2
2.558133333E0	-2.110000000E2	-9.700000000E1
2.608388889E0	-2.180000000E2	-8.600000000E1
2.658255556E0	-2.190000000E2	-7.600000000E1
2.708422222E0	-2.260000000E2	-6.800000000E1
2.758588889E0	-2.330000000E2	-6.200000000E1
2.808755556E0	-2.370000000E2	-6.200000000E1
2.858922222E0	-2.420000000E2	-6.000000000E1
2.909088889E0	-2.440000000E2	-6.400000000E1
2.959255556E0	-2.460000000E2	-6.800000000E1
3.009422222E0	-2.460000000E2	-7.000000000E1
3.059588889E0	-2.460000000E2	-7.700000000E1
3.109755556E0	-2.400000000E2	-8.300000000E1
3.159922222E0	-2.360000000E2	-8.800000000E1
3.210088889E0	-2.360000000E2	-9.400000000E1
3.260377778E0	-2.280000000E2	-9.700000000E1
3.310533333E0	-2.220000000E2	-9.600000000E1
3.360500000E0	-2.160000000E2	-8.200000000E1
3.410655556E0	-2.100000000E2	-7.200000000E1
3.460811111E0	-2.060000000E2	-6.400000000E1
3.510966667E0	-2.000000000E2	-5.400000000E1
3.561122222E0	-1.940000000E2	-4.900000000E1
