rt_hip
t	x	y
0.000000000E0	-2.530000000E2	-2.480000000E2
5.036666667E-2	-2.460000000E2	-2.480000000E2
1.003888889E-1	-2.380000000E2	-2.490000000E2
1.504111111E-1	-2.300000000E2	-2.490000000E2
2.008777778E-1	-2.300000000E2	-2.520000000E2
2.508444444E-1	-2.300000000E2	-2.520000000E2
3.008111111E-1	-2.300000000E2	-2.550000000E2
3.509000000E-1	-2.360000000E2	-2.570000000E2
4.014444444E-1	-2.420000000E2	-2.570000000E2
4.516333333E-1	-2.480000000E2	-2.570000000E2
5.017111111E-1	-2.520000000E2	-2.590000000E2
5.519222222E-1	-2.560000000E2	-2.600000000E2
6.021333333E-1	-2.580000000E2	-2.600000000E2
6.523444444E-1	-2.660000000E2	-2.610000000E2
7.022222222E-1	-2.740000000E2	-2.590000000E2
7.524555556E-1	-2.860000000E2	-2.470000000E2
8.025333333E-1	-2.900000000E2	-2.280000000E2
8.526111111E-1	-2.980000000E2	-2.060000000E2
9.028888889E-1	-3.060000000E2	-1.840000000E2
9.530111111E-1	-3.090000000E2	-1.700000000E2
1.003133333E0	-3.090000000E2	-1.580000000E2
1.053566667E0	-3.100000000E2	-1.430000000E2
1.103533333E0	-3.060000000E2	-1.360000000E2
1.153500000E0	-3.040000000E2	-1.330000000E2
1.203811111E0	-3.020000000E2	-1.300000000E2
1.253988889E0	-2.980000000E2	-1.350000000E2
1.304166667E0	-2.980000000E2	-1.350000000E2
1.354511111E0	-2.980000000E2	-1.430000000E2
1.404555556E0	-2.970000000E2	-1.500000000E2
1.454711111E0	-2.940000000E2	-1.550000000E2
1.504866667E0	-2.880000000E2	-1.590000000E2
1.555022222E0	-2.800000000E2	-1.530000000E2
1.605177778E0	-2.720000000E2	-1.440000000E2
1.655333333E0	-2.650000000E2	-1.300000000E2
1.705488889E0	-2.600000000E2	-1.180000000E2
1.755644444E0	-2.520000000E2	-1.060000000E2
1.805800000E0	-2.490000000E2	-9.300000000E1
1.855955556E0	-2.490000000E2	-8.200000000E1
1.906111111E0	-2.480000000E2	-7.700000000E1
1.956266667E0	-2.480000000E2	-7.700000000E1
2.006300000E0	-2.480000000E2	-7.700000000E1
2.056333333E0	-2.480000000E2	-7.800000000E1
2.106700000E0	-2.510000000E2	-8.200000000E1
2.156933333E0	-2.540000000E2	-8.400000000E1
2.207033333E0	-2.550000000E2	-9.000000000E1
2.256977778E0	-2.560000000E2	-9.000000000E1
2.307133333E0	-2.600000000E2	-9.400000000E1
2.357288889E0	-2.660000000E2	-9.400000000E1
2.407655556E0	-2.700000000E2	-9.200000000E1
2.457877778E0	-2.760000000E2	-8.000000000E1
2.508100000E0	-2.800000000E2	-6.400000000E1
2.558133333E0	-2.870000000E2	-5.100000000E1
2.608388889E0	-2.910000000E2	-4.000000000E1
2.658255556E0	-2.960000000E2	-2.900000000E1
2.708422222E0	-2.980000000E2	-2.200000000E1
2.758588889E0	-2.970000000E2	-1.800000000E1
2.808755556E0	-2.960000000E2	-1.000000000E1
2.858922222E0	-2.960000000E2	-1.000000000E1
2.909088889E0	-2.930000000E2	-1.000000000E1
2.959255556E0	-2.910000000E2	-9.000000000E0
3.009422222E0	-2.890000000E2	-8.000000000E0
3.059588889E0	-2.890000000E2	-8.000000000E0
3.109755556E0	-2.850000000E2	-1.500000000E1
3.159922222E0	-2.820000000E2	-2.000000000E1
3.210088889E0	-2.800000000E2	-2.400000000E1
3.260377778E0	-2.760000000E2	-2.400000000E1
3.310533333E0	-2.720000000E2	-2.200000000E1
3.360500000E0	-2.620000000E2	-1.000000000E1
3.410655556E0	-2.570000000E2	1.000000000E0
3.460811111E0	-2.540000000E2	1.400000000E1
3.510966667E0	-2.470000000E2	2.000000000E1
3.561122222E0	-2.450000000E2	2.600000000E1
