rt_knee
t	x	y
0.000000000E0	-3.160000000E2	-5.570000000E2
5.036666667E-2	-3.060000000E2	-5.590000000E2
1.003888889E-1	-3.020000000E2	-5.610000000E2
1.504111111E-1	-2.980000000E2	-5.630000000E2
2.008777778E-1	-2.950000000E2	-5.630000000E2
2.508444444E-1	-2.950000000E2	-5.670000000E2
3.008111111E-1	-2.990000000E2	-5.670000000E2
3.509000000E-1	-3.020000000E2	-5.660000000E2
4.014444444E-1	-3.050000000E2	-5.650000000E2
4.516333333E-1	-3.090000000E2	-5.630000000E2
5.017111111E-1	-3.110000000E2	-5.620000000E2
5.519222222E-1	-3.140000000E2	-5.620000000E2
6.021333333E-1	-3.150000000E2	-5.600000000E2
6.523444444E-1	-3.160000000E2	-5.590000000E2
7.022222222E-1	-3.250000000E2	-5.550000000E2
7.524555556E-1	-3.280000000E2	-5.400000000E2
8.025333333E-1	-3.320000000E2	-5.170000000E2
8.526111111E-1	-3.320000000E2	-4.900000000E2
9.028888889E-1	-3.340000000E2	-4.630000000E2
9.530111111E-1	-3.350000000E2	-4.420000000E2
1.003133333E0	-3.380000000E2	-4.190000000E2
1.053566667E0	-3.380000000E2	-4.010000000E2
1.103533333E0	-3.360000000E2	-3.830000000E2
1.153500000E0	-3.360000000E2	-3.670000000E2
1.203811111E0	-3.360000000E2	-3.510000000E2
1.253988889E0	-3.300000000E2	-3.460000000E2
1.304166667E0	-3.280000000E2	-3.390000000E2
1.354511111E0	-3.280000000E2	-3.390000000E2
1.404555556E0	-3.280000000E2	-3.390000000E2
1.454711111E0	-3.240000000E2	-3.470000000E2
1.504866667E0	-3.220000000E2	-3.520000000E2
1.555022222E0	-3.190000000E2	-3.570000000E2
1.605177778E0	-3.190000000E2	-3.570000000E2
1.655333333E0	-3.080000000E2	-3.570000000E2
1.705488889E0	-3.080000000E2	-3.530000000E2
1.755644444E0	-3.080000000E2	-3.490000000E2
1.805800000E0	-3.020000000E2	-3.450000000E2
1.855955556E0	-3.010000000E2	-3.410000000E2
1.906111111E0	-3.020000000E2	-3.360000000E2
1.956266667E0	-3.050000000E2	-3.350000000E2
2.006300000E0	-3.080000000E2	-3.320000000E2
2.056333333E0	-3.080000000E2	-3.320000000E2
2.106700000E0	-3.080000000E2	-3.320000000E2
2.156933333E0	-3.080000000E2	-3.320000000E2
2.207033333E0	-3.080000000E2	-3.320000000E2
2.256977778E0	-3.080000000E2	-3.320000000E2
2.307133333E0	-3.120000000E2	-3.330000000E2
2.357288889E0	-3.180000000E2	-3.310000000E2
2.407655556E0	-3.200000000E2	-3.240000000E2
2.457877778E0	-3.230000000E2	-3.070000000E2
2.508100000E0	-3.240000000E2	-2.890000000E2
2.558133333E0	-3.250000000E2	-2.780000000E2
2.608388889E0	-3.270000000E2	-2.670000000E2
2.658255556E0	-3.290000000E2	-2.540000000E2
2.708422222E0	-3.300000000E2	-2.410000000E2
2.758588889E0	-3.290000000E2	-2.310000000E2
2.808755556E0	-3.280000000E2	-2.200000000E2
2.858922222E0	-3.270000000E2	-2.090000000E2
2.909088889E0	-3.230000000E2	-1.990000000E2
2.959255556E0	-3.160000000E2	-1.920000000E2
3.009422222E0	-3.140000000E2	-1.850000000E2
3.059588889E0	-3.120000000E2	-1.810000000E2
3.109755556E0	-3.120000000E2	-1.830000000E2
3.159922222E0	-3.090000000E2	-1.890000000E2
3.210088889E0	-3.070000000E2	-1.960000000E2
3.260377778E0	-3.070000000E2	-1.960000000E2
3.310533333E0	-3.030000000E2	-1.960000000E2
3.360500000E0	-3.010000000E2	-1.970000000E2
3.410655556E0	-2.950000000E2	-1.970000000E2
3.460811111E0	-2.950000000E2	-1.920000000E2
3.510966667E0	-2.920000000E2	-1.880000000E2
3.561122222E0	-2.900000000E2	-1.840000000E2
