waist
t	x	y
0.000000000E0	-3.520000000E2	-7.900000000E1
5.036666667E-2	-3.450000000E2	-8.100000000E1
1.003888889E-1	-3.380000000E2	-7.900000000E1
1.504111111E-1	-3.320000000E2	-7.800000000E1
2.008777778E-1	-3.280000000E2	-7.600000000E1
2.508444444E-1	-3.230000000E2	-7.400000000E1
3.008111111E-1	-3.200000000E2	-7.100000000E1
3.509000000E-1	-3.210000000E2	-6.900000000E1
4.014444444E-1	-3.180000000E2	-6.300000000E1
4.516333333E-1	-3.180000000E2	-5.900000000E1
5.017111111E-1	-3.240000000E2	-5.800000000E1
5.519222222E-1	-3.280000000E2	-5.700000000E1
6.021333333E-1	-3.340000000E2	-5.900000000E1
6.523444444E-1	-3.420000000E2	-6.700000000E1
7.022222222E-1	-3.510000000E2	-6.900000000E1
7.524555556E-1	-3.640000000E2	-5.900000000E1
8.025333333E-1	-3.800000000E2	-4.600000000E1
8.526111111E-1	-3.870000000E2	-3.300000000E1
9.028888889E-1	-3.960000000E2	-1.500000000E1
9.530111111E-1	-4.000000000E2	-5.000000000E0
1.003133333E0	-4.060000000E2	8.000000000E0
1.053566667E0	-4.100000000E2	1.800000000E1
1.103533333E0	-4.140000000E2	2.100000000E1
1.153500000E0	-4.120000000E2	2.500000000E1
1.203811111E0	-4.160000000E2	2.600000000E1
1.253988889E0	-4.140000000E2	2.200000000E1
1.304166667E0	-4.130000000E2	1.900000000E1
1.354511111E0	-4.120000000E2	1.500000000E1
1.404555556E0	-4.100000000E2	9.000000000E0
1.454711111E0	-4.040000000E2	1.000000000E0
1.504866667E0	-3.940000000E2	1.000000000E0
1.555022222E0	-3.910000000E2	-7.000000000E0
1.605177778E0	-3.820000000E2	-1.000000000E0
1.655333333E0	-3.660000000E2	1.200000000E1
1.705488889E0	-3.550000000E2	2.600000000E1
1.755644444E0	-3.420000000E2	4.100000000E1
1.805800000E0	-3.370000000E2	5.300000000E1
1.855955556E0	-3.330000000E2	6.500000000E1
1.906111111E0	-3.260000000E2	7.000000000E1
1.956266667E0	-3.240000000E2	7.500000000E1
2.006300000E0	-3.200000000E2	7.500000000E1
2.056333333E0	-3.150000000E2	7.700000000E1
2.106700000E0	-3.160000000E2	7.600000000E1
2.156933333E0	-3.120000000E2	7.800000000E1
2.207033333E0	-3.160000000E2	7.100000000E1
2.256977778E0	-3.200000000E2	6.300000000E1
2.307133333E0	-3.260000000E2	5.900000000E1
2.357288889E0	-3.290000000E2	5.700000000E1
2.407655556E0	-3.360000000E2	6.100000000E1
2.457877778E0	-3.420000000E2	6.400000000E1
2.508100000E0	-3.490000000E2	7.300000000E1
2.558133333E0	-3.560000000E2	8.500000000E1
2.608388889E0	-3.660000000E2	9.300000000E1
2.658255556E0	-3.640000000E2	1.020000000E2
2.708422222E0	-3.720000000E2	1.060000000E2
2.758588889E0	-3.750000000E2	1.130000000E2
2.808755556E0	-3.780000000E2	1.190000000E2
2.858922222E0	-3.810000000E2	1.260000000E2
2.909088889E0	-3.790000000E2	1.250000000E2
2.959255556E0	-3.800000000E2	1.200000000E2
3.009422222E0	-3.800000000E2	1.190000000E2
3.059588889E0	-3.780000000E2	1.160000000E2
3.109755556E0	-3.800000000E2	1.160000000E2
3.159922222E0	-3.750000000E2	1.110000000E2
3.210088889E0	-3.700000000E2	1.090000000E2
3.260377778E0	-3.640000000E2	1.090000000E2
3.310533333E0	-3.570000000E2	1.030000000E2
3.360500000E0	-3.430000000E2	1.130000000E2
3.410655556E0	-3.380000000E2	1.200000000E2
3.460811111E0	-3.330000000E2	1.250000000E2
3.510966667E0	-3.200000000E2	1.360000000E2
3.561122222E0	-3.130000000E2	1.470000000E2
