lt_elbow
t	x	y
0.000000000E0	-6.710000000E2	-2.500000000E1
5.001111111E-2	-6.610000000E2	-2.700000000E1
1.003444444E-1	-6.460000000E2	-2.100000000E1
1.504888889E-1	-6.360000000E2	0.000000000E0
2.004444444E-1	-6.210000000E2	1.300000000E1
2.508000000E-1	-6.130000000E2	3.000000000E1
3.010333333E-1	-6.040000000E2	4.700000000E1
3.509222222E-1	-5.970000000E2	5.900000000E1
4.013444444E-1	-5.950000000E2	6.800000000E1
4.514555556E-1	-5.920000000E2	7.600000000E1
5.018222222E-1	-5.870000000E2	7.900000000E1
5.518000000E-1	-5.890000000E2	7.800000000E1
6.017777778E-1	-5.860000000E2	7.300000000E1
6.518777778E-1	-5.850000000E2	6.100000000E1
7.024444444E-1	-5.870000000E2	5.800000000E1
7.521888889E-1	-5.950000000E2	4.700000000E1
8.027666667E-1	-6.040000000E2	5.300000000E1
8.525111111E-1	-6.090000000E2	6.600000000E1
9.029555556E-1	-6.150000000E2	7.600000000E1
9.528888889E-1	-6.190000000E2	8.300000000E1
1.003200000E0	-6.250000000E2	9.700000000E1
1.053155556E0	-6.270000000E2	1.010000000E2
1.103711111E0	-6.320000000E2	1.030000000E2
1.153477778E0	-6.280000000E2	9.700000000E1
1.203988889E0	-6.210000000E2	9.000000000E1
1.254066667E0	-6.170000000E2	8.600000000E1
1.304144444E0	-6.090000000E2	8.300000000E1
1.354411111E0	-6.020000000E2	8.400000000E1
1.404544444E0	-5.980000000E2	9.300000000E1
1.454677778E0	-5.890000000E2	1.070000000E2
1.504811111E0	-5.780000000E2	1.250000000E2
1.554766667E0	-5.710000000E2	1.440000000E2
1.604911111E0	-5.700000000E2	1.570000000E2
1.655055556E0	-5.610000000E2	1.670000000E2
1.705433333E0	-5.590000000E2	1.770000000E2
1.755388889E0	-5.530000000E2	1.800000000E2
1.805733333E0	-5.530000000E2	1.830000000E2
1.855977778E0	-5.550000000E2	1.750000000E2
1.906222222E0	-5.500000000E2	1.640000000E2
1.956022222E0	-5.530000000E2	1.580000000E2
2.006188889E0	-5.530000000E2	1.570000000E2
2.056355556E0	-5.590000000E2	1.580000000E2
2.106866667E0	-5.630000000E2	1.650000000E2
2.157044444E0	-5.740000000E2	1.750000000E2
