lt_hip
t	x	y
0.000000000E0	-5.880000000E2	-1.880000000E2
5.001111111E-2	-5.810000000E2	-1.840000000E2
1.003444444E-1	-5.730000000E2	-1.720000000E2
1.504888889E-1	-5.630000000E2	-1.600000000E2
2.004444444E-1	-5.550000000E2	-1.460000000E2
2.508000000E-1	-5.430000000E2	-1.300000000E2
3.010333333E-1	-5.430000000E2	-1.180000000E2
3.509222222E-1	-5.440000000E2	-1.050000000E2
4.013444444E-1	-5.450000000E2	-9.500000000E1
4.514555556E-1	-5.420000000E2	-8.800000000E1
5.018222222E-1	-5.420000000E2	-7.900000000E1
5.518000000E-1	-5.430000000E2	-7.200000000E1
6.017777778E-1	-5.460000000E2	-8.000000000E1
6.518777778E-1	-5.470000000E2	-8.300000000E1
7.024444444E-1	-5.530000000E2	-8.900000000E1
7.521888889E-1	-5.570000000E2	-9.200000000E1
8.027666667E-1	-5.630000000E2	-7.900000000E1
8.525111111E-1	-5.670000000E2	-6.200000000E1
9.029555556E-1	-5.730000000E2	-4.400000000E1
9.528888889E-1	-5.710000000E2	-3.400000000E1
1.003200000E0	-5.690000000E2	-1.900000000E1
1.053155556E0	-5.650000000E2	-1.200000000E1
1.103711111E0	-5.610000000E2	-1.200000000E1
1.153477778E0	-5.590000000E2	-1.400000000E1
1.203988889E0	-5.550000000E2	-1.600000000E1
1.254066667E0	-5.510000000E2	-1.900000000E1
1.304144444E0	-5.500000000E2	-2.700000000E1
1.354411111E0	-5.450000000E2	-2.800000000E1
1.404544444E0	-5.400000000E2	-2.200000000E1
1.454677778E0	-5.330000000E2	-7.000000000E0
1.504811111E0	-5.270000000E2	4.000000000E0
1.554766667E0	-5.200000000E2	1.600000000E1
1.604911111E0	-5.180000000E2	3.300000000E1
1.655055556E0	-5.180000000E2	4.300000000E1
1.705433333E0	-5.200000000E2	5.000000000E1
1.755388889E0	-5.210000000E2	5.600000000E1
1.805733333E0	-5.220000000E2	5.800000000E1
1.855977778E0	-5.220000000E2	5.400000000E1
1.906222222E0	-5.210000000E2	5.200000000E1
1.956022222E0	-5.220000000E2	4.400000000E1
2.006188889E0	-5.290000000E2	4.500000000E1
2.056355556E0	-5.330000000E2	5.200000000E1
2.106866667E0	-5.360000000E2	6.400000000E1
2.157044444E0	-5.390000000E2	7.900000000E1
