lt_Hand
t	x	y
0.000000000E0	-6.910000000E2	-2.640000000E2
5.001111111E-2	-6.850000000E2	-2.600000000E2
1.003444444E-1	-6.790000000E2	-2.490000000E2
1.504888889E-1	-6.730000000E2	-2.330000000E2
2.004444444E-1	-6.720000000E2	-2.180000000E2
2.508000000E-1	-6.650000000E2	-1.980000000E2
3.010333333E-1	-6.590000000E2	-1.840000000E2
3.509222222E-1	-6.610000000E2	-1.730000000E2
4.013444444E-1	-6.570000000E2	-1.620000000E2
4.514555556E-1	-6.610000000E2	-1.520000000E2
5.018222222E-1	-6.600000000E2	-1.490000000E2
5.518000000E-1	-6.650000000E2	-1.500000000E2
6.017777778E-1	-6.740000000E2	-1.550000000E2
6.518777778E-1	-6.700000000E2	-1.600000000E2
7.024444444E-1	-6.770000000E2	-1.620000000E2
7.521888889E-1	-6.830000000E2	-1.680000000E2
8.027666667E-1	-6.850000000E2	-1.600000000E2
8.525111111E-1	-6.810000000E2	-1.490000000E2
9.029555556E-1	-6.860000000E2	-1.390000000E2
9.528888889E-1	-6.800000000E2	-1.270000000E2
1.003200000E0	-6.810000000E2	-1.160000000E2
1.053155556E0	-6.770000000E2	-1.020000000E2
1.103711111E0	-6.690000000E2	-9.900000000E1
1.153477778E0	-6.640000000E2	-9.900000000E1
1.203988889E0	-6.530000000E2	-9.800000000E1
1.254066667E0	-6.390000000E2	-1.000000000E2
1.304144444E0	-6.350000000E2	-9.900000000E1
1.354411111E0	-6.260000000E2	-9.000000000E1
1.404544444E0	-6.200000000E2	-8.100000000E1
1.454677778E0	-6.160000000E2	-6.700000000E1
1.504811111E0	-6.120000000E2	-5.800000000E1
1.554766667E0	-6.130000000E2	-3.600000000E1
1.604911111E0	-6.130000000E2	-2.600000000E1
1.655055556E0	-6.190000000E2	-1.300000000E1
1.705433333E0	-6.190000000E2	-4.000000000E0
1.755388889E0	-6.240000000E2	1.000000000E0
1.805733333E0	-6.290000000E2	0.000000000E0
1.855977778E0	-6.300000000E2	-2.000000000E0
1.906222222E0	-6.310000000E2	-1.000000000E1
1.956022222E0	-6.290000000E2	-1.400000000E1
2.006188889E0	-6.290000000E2	-1.800000000E1
2.056355556E0	-6.280000000E2	-1.800000000E1
2.106866667E0	-6.260000000E2	-1.000000000E1
2.157044444E0	-6.230000000E2	-4.000000000E0
