lt_leg
t	x	y
0.000000000E0	-5.220000000E2	-9.560000000E2
5.001111111E-2	-5.220000000E2	-9.560000000E2
1.003444444E-1	-5.290000000E2	-9.320000000E2
1.504888889E-1	-5.340000000E2	-9.030000000E2
2.004444444E-1	-5.390000000E2	-8.580000000E2
2.508000000E-1	-5.350000000E2	-8.060000000E2
3.010333333E-1	-5.280000000E2	-7.170000000E2
3.509222222E-1	-5.260000000E2	-6.520000000E2
4.013444444E-1	-5.240000000E2	-6.040000000E2
4.514555556E-1	-5.230000000E2	-5.580000000E2
5.018222222E-1	-5.280000000E2	-5.490000000E2
5.518000000E-1	-5.310000000E2	-5.500000000E2
6.017777778E-1	-5.340000000E2	-5.690000000E2
6.518777778E-1	-5.370000000E2	-5.800000000E2
7.024444444E-1	-5.340000000E2	-5.890000000E2
7.521888889E-1	-5.310000000E2	-5.940000000E2
8.027666667E-1	-5.250000000E2	-5.990000000E2
8.525111111E-1	-5.260000000E2	-5.960000000E2
9.029555556E-1	-5.240000000E2	-6.030000000E2
9.528888889E-1	-5.270000000E2	-6.020000000E2
1.003200000E0	-5.230000000E2	-6.050000000E2
1.053155556E0	-5.230000000E2	-6.040000000E2
1.103711111E0	-5.200000000E2	-6.060000000E2
1.153477778E0	-5.170000000E2	-6.100000000E2
1.203988889E0	-5.160000000E2	-6.110000000E2
1.254066667E0	-5.130000000E2	-6.120000000E2
1.304144444E0	-5.130000000E2	-6.110000000E2
1.354411111E0	-5.140000000E2	-6.000000000E2
1.404544444E0	-5.180000000E2	-5.860000000E2
1.454677778E0	-5.170000000E2	-5.560000000E2
1.504811111E0	-5.140000000E2	-5.200000000E2
1.554766667E0	-5.050000000E2	-4.650000000E2
1.604911111E0	-5.040000000E2	-4.110000000E2
1.655055556E0	-5.010000000E2	-3.610000000E2
1.705433333E0	-5.030000000E2	-3.340000000E2
1.755388889E0	-5.050000000E2	-3.250000000E2
1.805733333E0	-5.100000000E2	-3.380000000E2
1.855977778E0	-5.150000000E2	-3.560000000E2
1.906222222E0	-5.150000000E2	-3.680000000E2
1.956022222E0	-5.060000000E2	-3.760000000E2
2.006188889E0	-5.030000000E2	-3.830000000E2
2.056355556E0	-5.060000000E2	-3.800000000E2
2.106866667E0	-5.050000000E2	-3.820000000E2
2.157044444E0	-5.020000000E2	-3.820000000E2
