lt_shoulder
t	x	y
0.000000000E0	-6.470000000E2	2.750000000E2
5.001111111E-2	-6.330000000E2	2.710000000E2
1.003444444E-1	-6.140000000E2	2.720000000E2
1.504888889E-1	-5.930000000E2	2.830000000E2
2.004444444E-1	-5.830000000E2	2.910000000E2
2.508000000E-1	-5.680000000E2	3.080000000E2
3.010333333E-1	-5.600000000E2	3.210000000E2
3.509222222E-1	-5.530000000E2	3.320000000E2
4.013444444E-1	-5.510000000E2	3.390000000E2
4.514555556E-1	-5.450000000E2	3.430000000E2
5.018222222E-1	-5.450000000E2	3.440000000E2
5.518000000E-1	-5.470000000E2	3.450000000E2
6.017777778E-1	-5.480000000E2	3.310000000E2
6.518777778E-1	-5.510000000E2	3.200000000E2
7.024444444E-1	-5.620000000E2	3.040000000E2
7.521888889E-1	-5.710000000E2	2.930000000E2
8.027666667E-1	-5.810000000E2	3.010000000E2
8.525111111E-1	-5.900000000E2	3.130000000E2
9.029555556E-1	-6.040000000E2	3.240000000E2
9.528888889E-1	-6.090000000E2	3.330000000E2
1.003200000E0	-6.110000000E2	3.390000000E2
1.053155556E0	-6.130000000E2	3.440000000E2
1.103711111E0	-6.110000000E2	3.420000000E2
1.153477778E0	-6.110000000E2	3.360000000E2
1.203988889E0	-6.010000000E2	3.310000000E2
1.254066667E0	-5.930000000E2	3.230000000E2
1.304144444E0	-5.860000000E2	3.180000000E2
1.354411111E0	-5.780000000E2	3.170000000E2
1.404544444E0	-5.630000000E2	3.270000000E2
1.454677778E0	-5.520000000E2	3.370000000E2
1.504811111E0	-5.460000000E2	3.510000000E2
1.554766667E0	-5.350000000E2	3.610000000E2
1.604911111E0	-5.290000000E2	3.750000000E2
1.655055556E0	-5.240000000E2	3.810000000E2
1.705433333E0	-5.190000000E2	3.890000000E2
1.755388889E0	-5.200000000E2	3.890000000E2
1.805733333E0	-5.210000000E2	3.820000000E2
1.855977778E0	-5.220000000E2	3.750000000E2
1.906222222E0	-5.240000000E2	3.630000000E2
1.956022222E0	-5.270000000E2	3.550000000E2
2.006188889E0	-5.400000000E2	3.490000000E2
2.056355556E0	-5.500000000E2	3.520000000E2
2.106866667E0	-5.540000000E2	3.630000000E2
2.157044444E0	-5.610000000E2	3.670000000E2
