neck
t	x	y
0.000000000E0	-4.410000000E2	3.380000000E2
5.001111111E-2	-4.330000000E2	3.350000000E2
1.003444444E-1	-4.190000000E2	3.260000000E2
1.504888889E-1	-4.010000000E2	3.280000000E2
2.004444444E-1	-3.830000000E2	3.360000000E2
2.508000000E-1	-3.710000000E2	3.370000000E2
3.010333333E-1	-3.670000000E2	3.500000000E2
3.509222222E-1	-3.610000000E2	3.630000000E2
4.013444444E-1	-3.600000000E2	3.640000000E2
4.514555556E-1	-3.590000000E2	3.730000000E2
5.018222222E-1	-3.570000000E2	3.700000000E2
5.518000000E-1	-3.640000000E2	3.690000000E2
6.017777778E-1	-3.710000000E2	3.660000000E2
6.518777778E-1	-3.720000000E2	3.510000000E2
7.024444444E-1	-3.830000000E2	3.420000000E2
7.521888889E-1	-3.950000000E2	3.420000000E2
8.027666667E-1	-4.090000000E2	3.470000000E2
8.525111111E-1	-4.230000000E2	3.580000000E2
9.029555556E-1	-4.330000000E2	3.750000000E2
9.528888889E-1	-4.410000000E2	3.880000000E2
1.003200000E0	-4.480000000E2	3.970000000E2
1.053155556E0	-4.500000000E2	4.050000000E2
1.103711111E0	-4.530000000E2	4.080000000E2
1.153477778E0	-4.490000000E2	3.950000000E2
1.203988889E0	-4.430000000E2	3.900000000E2
1.254066667E0	-4.400000000E2	3.780000000E2
1.304144444E0	-4.350000000E2	3.700000000E2
1.354411111E0	-4.210000000E2	3.650000000E2
1.404544444E0	-4.080000000E2	3.620000000E2
1.454677778E0	-3.970000000E2	3.730000000E2
1.504811111E0	-3.890000000E2	3.830000000E2
1.554766667E0	-3.820000000E2	3.880000000E2
1.604911111E0	-3.750000000E2	3.980000000E2
1.655055556E0	-3.750000000E2	4.020000000E2
1.705433333E0	-3.730000000E2	4.050000000E2
1.755388889E0	-3.740000000E2	4.030000000E2
1.805733333E0	-3.770000000E2	4.020000000E2
1.855977778E0	-3.800000000E2	3.980000000E2
1.906222222E0	-3.830000000E2	3.890000000E2
1.956022222E0	-3.910000000E2	3.840000000E2
2.006188889E0	-4.000000000E2	3.810000000E2
2.056355556E0	-4.130000000E2	3.890000000E2
2.106866667E0	-4.230000000E2	3.990000000E2
2.157044444E0	-4.310000000E2	4.070000000E2
