rt_elbow
t	x	y
0.000000000E0	-2.280000000E2	-3.200000000E1
5.001111111E-2	-2.270000000E2	-3.800000000E1
1.003444444E-1	-2.210000000E2	-3.800000000E1
1.504888889E-1	-2.160000000E2	-3.900000000E1
2.004444444E-1	-2.030000000E2	-3.000000000E1
2.508000000E-1	-2.010000000E2	-2.800000000E1
3.010333333E-1	-1.990000000E2	-2.100000000E1
3.509222222E-1	-1.910000000E2	-1.300000000E1
4.013444444E-1	-1.920000000E2	-6.000000000E0
4.514555556E-1	-1.910000000E2	-3.000000000E0
5.018222222E-1	-1.910000000E2	2.000000000E0
5.518000000E-1	-1.950000000E2	-2.000000000E0
6.017777778E-1	-2.010000000E2	-4.000000000E0
6.518777778E-1	-2.080000000E2	-1.000000000E1
7.024444444E-1	-2.190000000E2	-9.000000000E0
7.521888889E-1	-2.280000000E2	-6.000000000E0
8.027666667E-1	-2.390000000E2	1.000000000E1
8.525111111E-1	-2.490000000E2	3.400000000E1
9.029555556E-1	-2.530000000E2	5.600000000E1
9.528888889E-1	-2.610000000E2	7.200000000E1
1.003200000E0	-2.640000000E2	8.900000000E1
1.053155556E0	-2.670000000E2	1.020000000E2
1.103711111E0	-2.700000000E2	1.080000000E2
1.153477778E0	-2.740000000E2	1.050000000E2
1.203988889E0	-2.760000000E2	9.700000000E1
1.254066667E0	-2.730000000E2	8.900000000E1
1.304144444E0	-2.690000000E2	8.600000000E1
1.354411111E0	-2.720000000E2	7.400000000E1
1.404544444E0	-2.670000000E2	7.000000000E1
1.454677778E0	-2.620000000E2	7.400000000E1
1.504811111E0	-2.560000000E2	8.100000000E1
1.554766667E0	-2.530000000E2	9.100000000E1
1.604911111E0	-2.490000000E2	9.800000000E1
1.655055556E0	-2.510000000E2	1.040000000E2
1.705433333E0	-2.470000000E2	1.080000000E2
1.755388889E0	-2.460000000E2	1.060000000E2
1.805733333E0	-2.500000000E2	1.060000000E2
1.855977778E0	-2.540000000E2	1.010000000E2
1.906222222E0	-2.550000000E2	9.200000000E1
1.956022222E0	-2.630000000E2	9.200000000E1
2.006188889E0	-2.700000000E2	9.200000000E1
2.056355556E0	-2.750000000E2	1.000000000E2
2.106866667E0	-2.850000000E2	1.200000000E2
2.157044444E0	-2.920000000E2	1.390000000E2
