rt_hand
t	x	y
0.000000000E0	-1.950000000E2	-2.780000000E2
5.001111111E-2	-2.000000000E2	-2.780000000E2
1.003444444E-1	-2.020000000E2	-2.840000000E2
1.504888889E-1	-2.010000000E2	-2.780000000E2
2.004444444E-1	-2.000000000E2	-2.680000000E2
2.508000000E-1	-1.970000000E2	-2.580000000E2
3.010333333E-1	-1.940000000E2	-2.470000000E2
3.509222222E-1	-1.970000000E2	-2.280000000E2
4.013444444E-1	-2.010000000E2	-2.270000000E2
4.514555556E-1	-2.090000000E2	-2.170000000E2
5.018222222E-1	-2.140000000E2	-2.080000000E2
5.518000000E-1	-2.190000000E2	-2.020000000E2
6.017777778E-1	-2.240000000E2	-2.050000000E2
6.518777778E-1	-2.320000000E2	-2.140000000E2
7.024444444E-1	-2.370000000E2	-2.090000000E2
7.521888889E-1	-2.430000000E2	-2.020000000E2
8.027666667E-1	-2.450000000E2	-1.930000000E2
8.525111111E-1	-2.500000000E2	-1.720000000E2
9.029555556E-1	-2.530000000E2	-1.540000000E2
9.528888889E-1	-2.530000000E2	-1.340000000E2
1.003200000E0	-2.540000000E2	-1.160000000E2
1.053155556E0	-2.550000000E2	-9.900000000E1
1.103711111E0	-2.530000000E2	-9.400000000E1
1.153477778E0	-2.520000000E2	-9.300000000E1
1.203988889E0	-2.510000000E2	-1.010000000E2
1.254066667E0	-2.510000000E2	-1.060000000E2
1.304144444E0	-2.490000000E2	-1.160000000E2
1.354411111E0	-2.510000000E2	-1.210000000E2
1.404544444E0	-2.510000000E2	-1.210000000E2
1.454677778E0	-2.550000000E2	-1.160000000E2
1.504811111E0	-2.530000000E2	-1.060000000E2
1.554766667E0	-2.510000000E2	-9.500000000E1
1.604911111E0	-2.530000000E2	-8.900000000E1
1.655055556E0	-2.570000000E2	-7.800000000E1
1.705433333E0	-2.570000000E2	-7.400000000E1
1.755388889E0	-2.610000000E2	-7.100000000E1
1.805733333E0	-2.670000000E2	-7.000000000E1
1.855977778E0	-2.700000000E2	-7.300000000E1
1.906222222E0	-2.820000000E2	-7.400000000E1
1.956022222E0	-2.830000000E2	-7.300000000E1
2.006188889E0	-2.910000000E2	-7.100000000E1
2.056355556E0	-2.900000000E2	-6.100000000E1
2.106866667E0	-2.980000000E2	-4.300000000E1
2.157044444E0	-2.970000000E2	-3.200000000E1
