rt_Hip
t	x	y
0.000000000E0	-2.930000000E2	-1.940000000E2
5.001111111E-2	-2.890000000E2	-1.970000000E2
1.003444444E-1	-2.830000000E2	-1.980000000E2
1.504888889E-1	-2.790000000E2	-1.860000000E2
2.004444444E-1	-2.710000000E2	-1.700000000E2
2.508000000E-1	-2.660000000E2	-1.580000000E2
3.010333333E-1	-2.650000000E2	-1.470000000E2
3.509222222E-1	-2.620000000E2	-1.380000000E2
4.013444444E-1	-2.700000000E2	-1.300000000E2
4.514555556E-1	-2.670000000E2	-1.220000000E2
5.018222222E-1	-2.730000000E2	-1.220000000E2
5.518000000E-1	-2.800000000E2	-1.190000000E2
6.017777778E-1	-2.820000000E2	-1.170000000E2
6.518777778E-1	-2.870000000E2	-1.200000000E2
7.024444444E-1	-2.900000000E2	-1.260000000E2
7.521888889E-1	-2.990000000E2	-1.260000000E2
8.027666667E-1	-3.090000000E2	-1.120000000E2
8.525111111E-1	-3.190000000E2	-9.500000000E1
9.029555556E-1	-3.260000000E2	-7.900000000E1
9.528888889E-1	-3.330000000E2	-6.200000000E1
1.003200000E0	-3.310000000E2	-4.400000000E1
1.053155556E0	-3.280000000E2	-2.800000000E1
1.103711111E0	-3.280000000E2	-2.300000000E1
1.153477778E0	-3.290000000E2	-2.100000000E1
1.203988889E0	-3.260000000E2	-2.700000000E1
1.254066667E0	-3.270000000E2	-3.200000000E1
1.304144444E0	-3.260000000E2	-4.100000000E1
1.354411111E0	-3.240000000E2	-4.400000000E1
1.404544444E0	-3.220000000E2	-3.200000000E1
1.454677778E0	-3.170000000E2	-2.300000000E1
1.504811111E0	-3.120000000E2	-1.400000000E1
1.554766667E0	-3.100000000E2	-4.000000000E0
1.604911111E0	-3.050000000E2	5.000000000E0
1.655055556E0	-3.070000000E2	1.400000000E1
1.705433333E0	-3.080000000E2	2.100000000E1
1.755388889E0	-3.100000000E2	2.200000000E1
1.805733333E0	-3.130000000E2	2.300000000E1
1.855977778E0	-3.150000000E2	2.200000000E1
1.906222222E0	-3.200000000E2	1.600000000E1
1.956022222E0	-3.220000000E2	1.400000000E1
2.006188889E0	-3.290000000E2	1.400000000E1
2.056355556E0	-3.350000000E2	2.200000000E1
2.106866667E0	-3.410000000E2	4.000000000E1
2.157044444E0	-3.450000000E2	5.100000000E1
