right_knee
t	x	y
0.000000000E0	-3.450000000E2	-4.670000000E2
5.001111111E-2	-3.470000000E2	-4.730000000E2
1.003444444E-1	-3.470000000E2	-4.760000000E2
1.504888889E-1	-3.520000000E2	-4.790000000E2
2.004444444E-1	-3.480000000E2	-4.810000000E2
2.508000000E-1	-3.530000000E2	-4.820000000E2
3.010333333E-1	-3.510000000E2	-4.800000000E2
3.509222222E-1	-3.510000000E2	-4.820000000E2
4.013444444E-1	-3.530000000E2	-4.830000000E2
4.514555556E-1	-3.590000000E2	-4.820000000E2
5.018222222E-1	-3.620000000E2	-4.840000000E2
5.518000000E-1	-3.630000000E2	-4.840000000E2
6.017777778E-1	-3.670000000E2	-4.850000000E2
6.518777778E-1	-3.690000000E2	-4.820000000E2
7.024444444E-1	-3.710000000E2	-4.860000000E2
7.521888889E-1	-3.790000000E2	-4.780000000E2
8.027666667E-1	-3.770000000E2	-4.610000000E2
8.525111111E-1	-3.720000000E2	-4.360000000E2
9.029555556E-1	-3.740000000E2	-4.040000000E2
9.528888889E-1	-3.700000000E2	-3.670000000E2
1.003200000E0	-3.690000000E2	-3.280000000E2
1.053155556E0	-3.680000000E2	-2.940000000E2
1.103711111E0	-3.640000000E2	-2.690000000E2
1.153477778E0	-3.630000000E2	-2.600000000E2
1.203988889E0	-3.610000000E2	-2.540000000E2
1.254066667E0	-3.650000000E2	-2.650000000E2
1.304144444E0	-3.670000000E2	-2.760000000E2
1.354411111E0	-3.720000000E2	-2.860000000E2
1.404544444E0	-3.760000000E2	-2.900000000E2
1.454677778E0	-3.750000000E2	-2.930000000E2
1.504811111E0	-3.710000000E2	-2.880000000E2
1.554766667E0	-3.720000000E2	-2.860000000E2
1.604911111E0	-3.750000000E2	-2.860000000E2
1.655055556E0	-3.750000000E2	-2.800000000E2
1.705433333E0	-3.810000000E2	-2.780000000E2
1.755388889E0	-3.850000000E2	-2.770000000E2
1.805733333E0	-3.850000000E2	-2.750000000E2
1.855977778E0	-3.850000000E2	-2.760000000E2
1.906222222E0	-3.870000000E2	-2.760000000E2
1.956022222E0	-3.890000000E2	-2.770000000E2
2.006188889E0	-3.930000000E2	-2.700000000E2
2.056355556E0	-3.960000000E2	-2.580000000E2
2.106866667E0	-3.940000000E2	-2.430000000E2
2.157044444E0	-3.930000000E2	-2.300000000E2
