rt_leg
t	x	y
0.000000000E0	-3.610000000E2	-7.570000000E2
5.001111111E-2	-3.670000000E2	-7.630000000E2
1.003444444E-1	-3.710000000E2	-7.650000000E2
1.504888889E-1	-3.710000000E2	-7.700000000E2
2.004444444E-1	-3.710000000E2	-7.720000000E2
2.508000000E-1	-3.750000000E2	-7.820000000E2
3.010333333E-1	-3.750000000E2	-7.840000000E2
3.509222222E-1	-3.750000000E2	-7.860000000E2
4.013444444E-1	-3.790000000E2	-7.900000000E2
4.514555556E-1	-3.770000000E2	-7.960000000E2
5.018222222E-1	-3.800000000E2	-8.040000000E2
5.518000000E-1	-3.820000000E2	-8.090000000E2
6.017777778E-1	-3.850000000E2	-8.080000000E2
6.518777778E-1	-3.830000000E2	-8.130000000E2
7.024444444E-1	-3.870000000E2	-8.050000000E2
7.521888889E-1	-3.870000000E2	-8.010000000E2
8.027666667E-1	-3.810000000E2	-7.780000000E2
8.525111111E-1	-3.770000000E2	-7.380000000E2
9.029555556E-1	-3.810000000E2	-6.800000000E2
9.528888889E-1	-3.910000000E2	-6.040000000E2
1.003200000E0	-3.960000000E2	-5.130000000E2
1.053155556E0	-3.960000000E2	-4.650000000E2
1.103711111E0	-3.980000000E2	-4.470000000E2
1.153477778E0	-3.950000000E2	-4.530000000E2
1.203988889E0	-3.930000000E2	-4.670000000E2
1.254066667E0	-3.920000000E2	-4.810000000E2
1.304144444E0	-3.940000000E2	-5.030000000E2
1.354411111E0	-4.010000000E2	-5.090000000E2
1.404544444E0	-4.030000000E2	-5.100000000E2
1.454677778E0	-4.030000000E2	-5.090000000E2
1.504811111E0	-4.000000000E2	-5.130000000E2
1.554766667E0	-3.990000000E2	-5.140000000E2
1.604911111E0	-4.000000000E2	-5.200000000E2
1.655055556E0	-3.990000000E2	-5.220000000E2
1.705433333E0	-4.010000000E2	-5.200000000E2
1.755388889E0	-4.030000000E2	-5.200000000E2
1.805733333E0	-4.070000000E2	-5.280000000E2
1.855977778E0	-4.090000000E2	-5.270000000E2
1.906222222E0	-4.060000000E2	-5.250000000E2
1.956022222E0	-4.080000000E2	-5.210000000E2
2.006188889E0	-4.020000000E2	-5.120000000E2
2.056355556E0	-4.030000000E2	-5.030000000E2
2.106866667E0	-4.010000000E2	-4.810000000E2
2.157044444E0	-3.970000000E2	-4.520000000E2
