rt_shoulder
t	x	y
0.000000000E0	-2.590000000E2	2.680000000E2
5.001111111E-2	-2.520000000E2	2.530000000E2
1.003444444E-1	-2.410000000E2	2.460000000E2
1.504888889E-1	-2.250000000E2	2.440000000E2
2.004444444E-1	-2.190000000E2	2.430000000E2
2.508000000E-1	-2.080000000E2	2.500000000E2
3.010333333E-1	-2.030000000E2	2.540000000E2
3.509222222E-1	-2.020000000E2	2.610000000E2
4.013444444E-1	-2.010000000E2	2.670000000E2
4.514555556E-1	-2.030000000E2	2.690000000E2
5.018222222E-1	-2.070000000E2	2.680000000E2
5.518000000E-1	-2.110000000E2	2.680000000E2
6.017777778E-1	-2.150000000E2	2.600000000E2
6.518777778E-1	-2.210000000E2	2.530000000E2
7.024444444E-1	-2.350000000E2	2.450000000E2
7.521888889E-1	-2.480000000E2	2.470000000E2
8.027666667E-1	-2.590000000E2	2.630000000E2
8.525111111E-1	-2.710000000E2	2.710000000E2
9.029555556E-1	-2.810000000E2	2.930000000E2
9.528888889E-1	-2.870000000E2	3.130000000E2
1.003200000E0	-2.950000000E2	3.290000000E2
1.053155556E0	-3.020000000E2	3.390000000E2
1.103711111E0	-3.000000000E2	3.380000000E2
1.153477778E0	-3.020000000E2	3.340000000E2
1.203988889E0	-3.010000000E2	3.250000000E2
1.254066667E0	-2.950000000E2	3.130000000E2
1.304144444E0	-2.900000000E2	3.030000000E2
1.354411111E0	-2.840000000E2	2.930000000E2
1.404544444E0	-2.790000000E2	2.950000000E2
1.454677778E0	-2.700000000E2	2.970000000E2
1.504811111E0	-2.630000000E2	2.970000000E2
1.554766667E0	-2.570000000E2	3.010000000E2
1.604911111E0	-2.500000000E2	3.150000000E2
1.655055556E0	-2.500000000E2	3.160000000E2
1.705433333E0	-2.500000000E2	3.190000000E2
1.755388889E0	-2.540000000E2	3.180000000E2
1.805733333E0	-2.540000000E2	3.170000000E2
1.855977778E0	-2.580000000E2	3.080000000E2
1.906222222E0	-2.630000000E2	3.020000000E2
1.956022222E0	-2.690000000E2	3.010000000E2
2.006188889E0	-2.800000000E2	2.980000000E2
2.056355556E0	-2.870000000E2	3.070000000E2
2.106866667E0	-3.000000000E2	3.240000000E2
2.157044444E0	-3.070000000E2	3.400000000E2
