waist
t	x	y
0.000000000E0	-4.670000000E2	-2.400000000E1
5.001111111E-2	-4.670000000E2	-1.200000000E1
1.003444444E-1	-4.590000000E2	-1.000000000E1
1.504888889E-1	-4.450000000E2	2.000000000E0
2.004444444E-1	-4.310000000E2	4.000000000E0
2.508000000E-1	-4.190000000E2	1.700000000E1
3.010333333E-1	-4.080000000E2	2.900000000E1
3.509222222E-1	-4.050000000E2	3.400000000E1
4.013444444E-1	-4.000000000E2	4.400000000E1
4.514555556E-1	-3.980000000E2	5.200000000E1
5.018222222E-1	-3.950000000E2	5.500000000E1
5.518000000E-1	-3.990000000E2	5.400000000E1
6.017777778E-1	-3.990000000E2	5.000000000E1
6.518777778E-1	-4.020000000E2	3.900000000E1
7.024444444E-1	-4.090000000E2	3.200000000E1
7.521888889E-1	-4.170000000E2	3.200000000E1
8.027666667E-1	-4.230000000E2	3.700000000E1
8.525111111E-1	-4.330000000E2	5.600000000E1
9.029555556E-1	-4.450000000E2	7.000000000E1
9.528888889E-1	-4.530000000E2	8.400000000E1
1.003200000E0	-4.550000000E2	1.020000000E2
1.053155556E0	-4.610000000E2	1.130000000E2
1.103711111E0	-4.590000000E2	1.120000000E2
1.153477778E0	-4.610000000E2	1.140000000E2
1.203988889E0	-4.600000000E2	1.060000000E2
1.254066667E0	-4.550000000E2	1.020000000E2
1.304144444E0	-4.530000000E2	9.200000000E1
1.354411111E0	-4.470000000E2	9.200000000E1
1.404544444E0	-4.410000000E2	9.500000000E1
1.454677778E0	-4.360000000E2	1.070000000E2
1.504811111E0	-4.280000000E2	1.220000000E2
1.554766667E0	-4.210000000E2	1.330000000E2
1.604911111E0	-4.110000000E2	1.400000000E2
1.655055556E0	-4.110000000E2	1.480000000E2
1.705433333E0	-4.070000000E2	1.530000000E2
1.755388889E0	-4.040000000E2	1.570000000E2
1.805733333E0	-4.010000000E2	1.580000000E2
1.855977778E0	-4.010000000E2	1.510000000E2
1.906222222E0	-4.050000000E2	1.400000000E2
1.956022222E0	-4.130000000E2	1.400000000E2
2.006188889E0	-4.160000000E2	1.360000000E2
2.056355556E0	-4.190000000E2	1.410000000E2
2.106866667E0	-4.270000000E2	1.540000000E2
2.157044444E0	-4.350000000E2	1.650000000E2
