lt_elbow
t	x	y
0.000000000E0	-1.310000000E2	1.910000000E2
7.001111111E-2	-1.230000000E2	1.990000000E2
1.400111111E-1	-1.130000000E2	2.050000000E2
2.100222222E-1	-1.080000000E2	2.070000000E2
2.800333333E-1	-1.060000000E2	2.060000000E2
3.500444444E-1	-1.030000000E2	2.010000000E2
4.200444444E-1	-1.000000000E2	1.960000000E2
4.900555556E-1	-1.010000000E2	1.890000000E2
5.600666667E-1	-1.050000000E2	1.840000000E2
6.300777778E-1	-1.090000000E2	1.860000000E2
7.000777778E-1	-1.070000000E2	1.890000000E2
7.700888889E-1	-1.110000000E2	1.920000000E2
8.401000000E-1	-1.090000000E2	1.950000000E2
9.101111111E-1	-1.090000000E2	2.010000000E2
9.801111111E-1	-1.090000000E2	2.040000000E2
1.050122222E0	-1.080000000E2	2.030000000E2
1.120133333E0	-1.000000000E2	1.970000000E2
1.190144444E0	-9.600000000E1	1.960000000E2
1.260144444E0	-8.800000000E1	1.930000000E2
1.330155556E0	-7.900000000E1	2.020000000E2
1.400166667E0	-6.600000000E1	2.050000000E2
1.470177778E0	-6.300000000E1	2.080000000E2
1.540177778E0	-5.800000000E1	2.090000000E2
