left_foot
t	x	y
0.000000000E0	-4.400000000E1	-4.920000000E2
7.001111111E-2	-5.200000000E1	-4.220000000E2
1.400111111E-1	-5.400000000E1	-3.420000000E2
2.100222222E-1	-4.400000000E1	-3.020000000E2
2.800333333E-1	-4.800000000E1	-3.180000000E2
3.500444444E-1	-4.400000000E1	-3.180000000E2
4.200444444E-1	-3.600000000E1	-3.060000000E2
4.900555556E-1	-3.200000000E1	-2.900000000E2
5.600666667E-1	-2.600000000E1	-2.840000000E2
6.300777778E-1	-2.800000000E1	-2.940000000E2
7.000777778E-1	-2.800000000E1	-2.880000000E2
7.700888889E-1	-2.800000000E1	-2.860000000E2
8.401000000E-1	-2.800000000E1	-2.820000000E2
9.101111111E-1	-3.000000000E1	-2.780000000E2
9.801111111E-1	-2.800000000E1	-2.780000000E2
1.050122222E0	-3.200000000E1	-2.820000000E2
1.120133333E0	-2.200000000E1	-2.700000000E2
1.190144444E0	-2.400000000E1	-2.670000000E2
1.260144444E0	-2.200000000E1	-2.500000000E2
1.330155556E0	-2.600000000E1	-2.120000000E2
1.400166667E0	-2.500000000E1	-1.690000000E2
1.470177778E0	-2.300000000E1	-1.430000000E2
1.540177778E0	-1.500000000E1	-1.400000000E2
