lt_hip
t	x	y
0.000000000E0	-5.900000000E1	4.800000000E1
7.001111111E-2	-5.300000000E1	5.200000000E1
1.400111111E-1	-4.900000000E1	6.300000000E1
2.100222222E-1	-4.800000000E1	7.200000000E1
2.800333333E-1	-4.600000000E1	7.800000000E1
3.500444444E-1	-4.700000000E1	7.800000000E1
4.200444444E-1	-4.600000000E1	7.600000000E1
4.900555556E-1	-4.600000000E1	7.500000000E1
5.600666667E-1	-4.900000000E1	7.400000000E1
6.300777778E-1	-5.200000000E1	7.500000000E1
7.000777778E-1	-5.200000000E1	8.600000000E1
7.700888889E-1	-5.200000000E1	9.000000000E1
8.401000000E-1	-5.300000000E1	1.000000000E2
9.101111111E-1	-5.100000000E1	1.060000000E2
9.801111111E-1	-5.100000000E1	1.070000000E2
1.050122222E0	-5.000000000E1	1.080000000E2
1.120133333E0	-4.300000000E1	1.090000000E2
1.190144444E0	-3.900000000E1	1.040000000E2
1.260144444E0	-3.600000000E1	1.030000000E2
1.330155556E0	-3.000000000E1	1.060000000E2
1.400166667E0	-2.300000000E1	1.070000000E2
1.470177778E0	-1.800000000E1	1.120000000E2
1.540177778E0	-1.700000000E1	1.180000000E2
