lt_hand
t	x	y
0.000000000E0	-1.580000000E2	3.100000000E1
7.001111111E-2	-1.470000000E2	4.600000000E1
1.400111111E-1	-1.420000000E2	5.500000000E1
2.100222222E-1	-1.320000000E2	6.300000000E1
2.800333333E-1	-1.270000000E2	6.800000000E1
3.500444444E-1	-1.230000000E2	6.800000000E1
4.200444444E-1	-1.190000000E2	6.300000000E1
4.900555556E-1	-1.170000000E2	5.700000000E1
5.600666667E-1	-1.180000000E2	5.200000000E1
6.300777778E-1	-1.180000000E2	4.900000000E1
7.000777778E-1	-1.150000000E2	5.500000000E1
7.700888889E-1	-1.150000000E2	6.300000000E1
8.401000000E-1	-1.100000000E2	8.100000000E1
9.101111111E-1	-1.050000000E2	8.700000000E1
9.801111111E-1	-1.020000000E2	9.300000000E1
1.050122222E0	-9.700000000E1	9.500000000E1
1.120133333E0	-9.500000000E1	9.100000000E1
1.190144444E0	-9.300000000E1	8.700000000E1
1.260144444E0	-9.100000000E1	8.700000000E1
1.330155556E0	-8.600000000E1	8.700000000E1
1.400166667E0	-8.500000000E1	9.700000000E1
1.470177778E0	-8.300000000E1	9.900000000E1
1.540177778E0	-8.000000000E1	1.030000000E2
