lt_Knee
t	x	y
0.000000000E0	-5.500000000E1	-2.310000000E2
7.001111111E-2	-5.700000000E1	-1.910000000E2
1.400111111E-1	-4.600000000E1	-1.610000000E2
2.100222222E-1	-4.000000000E1	-1.420000000E2
2.800333333E-1	-3.900000000E1	-1.390000000E2
3.500444444E-1	-4.000000000E1	-1.440000000E2
4.200444444E-1	-3.900000000E1	-1.530000000E2
4.900555556E-1	-3.200000000E1	-1.510000000E2
5.600666667E-1	-2.600000000E1	-1.430000000E2
6.300777778E-1	-3.300000000E1	-1.380000000E2
7.000777778E-1	-3.500000000E1	-1.280000000E2
7.700888889E-1	-4.300000000E1	-1.200000000E2
8.401000000E-1	-4.700000000E1	-1.210000000E2
9.101111111E-1	-3.700000000E1	-1.130000000E2
9.801111111E-1	-3.700000000E1	-1.110000000E2
1.050122222E0	-2.900000000E1	-1.000000000E2
1.120133333E0	-3.200000000E1	-9.700000000E1
1.190144444E0	-2.400000000E1	-9.500000000E1
1.260144444E0	-2.300000000E1	-9.100000000E1
1.330155556E0	-2.100000000E1	-7.900000000E1
1.400166667E0	-2.500000000E1	-6.700000000E1
1.470177778E0	-1.600000000E1	-4.300000000E1
1.540177778E0	-1.200000000E1	-3.700000000E1
