lt_shoulder
t	x	y
0.000000000E0	-2.600000000E1	3.940000000E2
7.001111111E-2	-1.900000000E1	3.970000000E2
1.400111111E-1	-9.000000000E0	3.940000000E2
2.100222222E-1	-3.000000000E0	3.960000000E2
2.800333333E-1	-3.000000000E0	3.920000000E2
3.500444444E-1	-5.000000000E0	3.840000000E2
4.200444444E-1	-1.000000000E1	3.700000000E2
4.900555556E-1	-1.300000000E1	3.620000000E2
5.600666667E-1	-2.100000000E1	3.550000000E2
6.300777778E-1	-2.700000000E1	3.500000000E2
7.000777778E-1	-2.900000000E1	3.500000000E2
7.700888889E-1	-3.500000000E1	3.500000000E2
8.401000000E-1	-4.200000000E1	3.510000000E2
9.101111111E-1	-3.700000000E1	3.520000000E2
9.801111111E-1	-3.400000000E1	3.520000000E2
1.050122222E0	-3.100000000E1	3.460000000E2
1.120133333E0	-2.500000000E1	3.410000000E2
1.190144444E0	-1.900000000E1	3.340000000E2
1.260144444E0	-1.100000000E1	3.310000000E2
1.330155556E0	-4.000000000E0	3.320000000E2
1.400166667E0	2.000000000E0	3.360000000E2
1.470177778E0	4.000000000E0	3.340000000E2
1.540177778E0	1.100000000E1	3.340000000E2
