neck
t	x	y
0.000000000E0	7.900000000E1	4.220000000E2
7.001111111E-2	8.500000000E1	4.200000000E2
1.400111111E-1	9.100000000E1	4.160000000E2
2.100222222E-1	9.000000000E1	4.160000000E2
2.800333333E-1	8.900000000E1	4.140000000E2
3.500444444E-1	8.700000000E1	4.080000000E2
4.200444444E-1	7.900000000E1	3.980000000E2
4.900555556E-1	7.500000000E1	3.880000000E2
5.600666667E-1	6.500000000E1	3.800000000E2
6.300777778E-1	5.700000000E1	3.760000000E2
7.000777778E-1	4.900000000E1	3.760000000E2
7.700888889E-1	4.100000000E1	3.760000000E2
8.401000000E-1	4.100000000E1	3.820000000E2
9.101111111E-1	4.300000000E1	3.810000000E2
9.801111111E-1	4.300000000E1	3.810000000E2
1.050122222E0	4.500000000E1	3.760000000E2
1.120133333E0	4.500000000E1	3.700000000E2
1.190144444E0	5.100000000E1	3.620000000E2
1.260144444E0	5.600000000E1	3.530000000E2
1.330155556E0	6.100000000E1	3.520000000E2
1.400166667E0	6.700000000E1	3.520000000E2
1.470177778E0	7.100000000E1	3.520000000E2
1.540177778E0	7.000000000E1	3.540000000E2
