rt_elbow
t	x	y
0.000000000E0	1.900000000E2	1.510000000E2
7.001111111E-2	1.950000000E2	1.540000000E2
1.400111111E-1	1.950000000E2	1.570000000E2
2.100222222E-1	1.950000000E2	1.610000000E2
2.800333333E-1	1.920000000E2	1.620000000E2
3.500444444E-1	1.870000000E2	1.680000000E2
4.200444444E-1	1.850000000E2	1.610000000E2
4.900555556E-1	1.750000000E2	1.580000000E2
5.600666667E-1	1.710000000E2	1.590000000E2
6.300777778E-1	1.580000000E2	1.600000000E2
7.000777778E-1	1.520000000E2	1.690000000E2
7.700888889E-1	1.460000000E2	1.750000000E2
8.401000000E-1	1.420000000E2	1.800000000E2
9.101111111E-1	1.370000000E2	1.870000000E2
9.801111111E-1	1.320000000E2	1.870000000E2
1.050122222E0	1.330000000E2	1.830000000E2
1.120133333E0	1.350000000E2	1.740000000E2
1.190144444E0	1.340000000E2	1.710000000E2
1.260144444E0	1.370000000E2	1.690000000E2
1.330155556E0	1.400000000E2	1.720000000E2
1.400166667E0	1.400000000E2	1.790000000E2
1.470177778E0	1.440000000E2	1.830000000E2
1.540177778E0	1.450000000E2	1.850000000E2
