rt_foot
t	x	y
0.000000000E0	-3.000000000E0	-4.070000000E2
7.001111111E-2	4.000000000E0	-4.080000000E2
1.400111111E-1	8.000000000E0	-4.030000000E2
2.100222222E-1	1.600000000E1	-3.990000000E2
2.800333333E-1	1.400000000E1	-3.940000000E2
3.500444444E-1	1.100000000E1	-3.850000000E2
4.200444444E-1	1.000000000E1	-3.790000000E2
4.900555556E-1	1.000000000E1	-3.630000000E2
5.600666667E-1	1.500000000E1	-3.450000000E2
6.300777778E-1	1.900000000E1	-3.190000000E2
7.000777778E-1	3.100000000E1	-2.810000000E2
7.700888889E-1	4.000000000E1	-2.290000000E2
8.401000000E-1	4.100000000E1	-1.970000000E2
9.101111111E-1	3.800000000E1	-1.910000000E2
9.801111111E-1	3.600000000E1	-2.110000000E2
1.050122222E0	2.800000000E1	-2.160000000E2
1.120133333E0	2.700000000E1	-2.090000000E2
1.190144444E0	2.300000000E1	-2.000000000E2
1.260144444E0	2.000000000E1	-2.040000000E2
1.330155556E0	2.100000000E1	-2.070000000E2
1.400166667E0	2.000000000E1	-2.090000000E2
1.470177778E0	2.300000000E1	-1.970000000E2
1.540177778E0	2.500000000E1	-1.990000000E2
