rt_hand
t	x	y
0.000000000E0	2.010000000E2	-2.900000000E1
7.001111111E-2	2.010000000E2	-1.800000000E1
1.400111111E-1	1.980000000E2	-6.000000000E0
2.100222222E-1	1.990000000E2	5.000000000E0
2.800333333E-1	1.950000000E2	1.000000000E1
3.500444444E-1	1.930000000E2	1.300000000E1
4.200444444E-1	1.890000000E2	1.400000000E1
4.900555556E-1	1.850000000E2	9.000000000E0
5.600666667E-1	1.830000000E2	1.400000000E1
6.300777778E-1	1.750000000E2	1.600000000E1
7.000777778E-1	1.650000000E2	2.400000000E1
7.700888889E-1	1.660000000E2	3.600000000E1
8.401000000E-1	1.570000000E2	4.600000000E1
9.101111111E-1	1.490000000E2	5.300000000E1
9.801111111E-1	1.520000000E2	5.800000000E1
1.050122222E0	1.480000000E2	5.500000000E1
1.120133333E0	1.450000000E2	5.200000000E1
1.190144444E0	1.440000000E2	4.900000000E1
1.260144444E0	1.470000000E2	5.000000000E1
1.330155556E0	1.480000000E2	5.200000000E1
1.400166667E0	1.490000000E2	6.200000000E1
1.470177778E0	1.510000000E2	7.000000000E1
1.540177778E0	1.540000000E2	7.600000000E1
