rt_hip
t	x	y
0.000000000E0	1.140000000E2	5.400000000E1
7.001111111E-2	1.170000000E2	6.100000000E1
1.400111111E-1	1.170000000E2	6.800000000E1
2.100222222E-1	1.170000000E2	7.100000000E1
2.800333333E-1	1.160000000E2	7.600000000E1
3.500444444E-1	1.100000000E2	7.800000000E1
4.200444444E-1	1.050000000E2	7.800000000E1
4.900555556E-1	1.010000000E2	7.800000000E1
5.600666667E-1	9.600000000E1	7.800000000E1
6.300777778E-1	8.900000000E1	7.800000000E1
7.000777778E-1	8.500000000E1	8.600000000E1
7.700888889E-1	8.400000000E1	8.900000000E1
8.401000000E-1	8.100000000E1	9.800000000E1
9.101111111E-1	7.900000000E1	1.000000000E2
9.801111111E-1	7.900000000E1	1.060000000E2
1.050122222E0	8.100000000E1	1.020000000E2
1.120133333E0	7.800000000E1	9.700000000E1
1.190144444E0	8.000000000E1	1.010000000E2
1.260144444E0	8.400000000E1	9.800000000E1
1.330155556E0	8.600000000E1	1.050000000E2
1.400166667E0	9.200000000E1	1.160000000E2
1.470177778E0	9.100000000E1	1.210000000E2
1.540177778E0	9.200000000E1	1.210000000E2
