rt_Knee
t	x	y
0.000000000E0	6.700000000E1	-2.230000000E2
7.001111111E-2	7.500000000E1	-2.190000000E2
1.400111111E-1	7.700000000E1	-2.150000000E2
2.100222222E-1	7.900000000E1	-1.950000000E2
2.800333333E-1	7.000000000E1	-1.890000000E2
3.500444444E-1	6.300000000E1	-1.850000000E2
4.200444444E-1	6.100000000E1	-1.790000000E2
4.900555556E-1	5.900000000E1	-1.730000000E2
5.600666667E-1	5.800000000E1	-1.590000000E2
6.300777778E-1	5.900000000E1	-1.470000000E2
7.000777778E-1	7.000000000E1	-1.350000000E2
7.700888889E-1	7.300000000E1	-1.150000000E2
8.401000000E-1	6.700000000E1	-9.600000000E1
9.101111111E-1	6.600000000E1	-8.500000000E1
9.801111111E-1	5.800000000E1	-8.800000000E1
1.050122222E0	5.800000000E1	-8.200000000E1
1.120133333E0	5.400000000E1	-8.600000000E1
1.190144444E0	5.100000000E1	-8.200000000E1
1.260144444E0	5.500000000E1	-8.300000000E1
1.330155556E0	6.000000000E1	-8.000000000E1
1.400166667E0	6.700000000E1	-7.700000000E1
1.470177778E0	7.400000000E1	-7.200000000E1
1.540177778E0	7.100000000E1	-6.900000000E1
