rt_shoulder
t	x	y
0.000000000E0	1.850000000E2	3.640000000E2
7.001111111E-2	1.850000000E2	3.630000000E2
1.400111111E-1	1.870000000E2	3.640000000E2
2.100222222E-1	1.840000000E2	3.680000000E2
2.800333333E-1	1.830000000E2	3.640000000E2
3.500444444E-1	1.790000000E2	3.590000000E2
4.200444444E-1	1.720000000E2	3.540000000E2
4.900555556E-1	1.650000000E2	3.440000000E2
5.600666667E-1	1.530000000E2	3.400000000E2
6.300777778E-1	1.420000000E2	3.370000000E2
7.000777778E-1	1.310000000E2	3.400000000E2
7.700888889E-1	1.240000000E2	3.440000000E2
8.401000000E-1	1.200000000E2	3.480000000E2
9.101111111E-1	1.210000000E2	3.500000000E2
9.801111111E-1	1.170000000E2	3.480000000E2
1.050122222E0	1.190000000E2	3.440000000E2
1.120133333E0	1.190000000E2	3.310000000E2
1.190144444E0	1.230000000E2	3.220000000E2
1.260144444E0	1.250000000E2	3.160000000E2
1.330155556E0	1.290000000E2	3.120000000E2
1.400166667E0	1.320000000E2	3.180000000E2
1.470177778E0	1.330000000E2	3.190000000E2
1.540177778E0	1.360000000E2	3.190000000E2
