waist
t	x	y
0.000000000E0	4.100000000E1	9.200000000E1
7.001111111E-2	4.600000000E1	1.020000000E2
1.400111111E-1	5.300000000E1	1.100000000E2
2.100222222E-1	4.900000000E1	1.170000000E2
2.800333333E-1	4.800000000E1	1.200000000E2
3.500444444E-1	4.700000000E1	1.190000000E2
4.200444444E-1	4.500000000E1	1.130000000E2
4.900555556E-1	4.100000000E1	1.120000000E2
5.600666667E-1	3.300000000E1	1.080000000E2
6.300777778E-1	2.600000000E1	1.120000000E2
7.000777778E-1	2.700000000E1	1.150000000E2
7.700888889E-1	2.500000000E1	1.230000000E2
8.401000000E-1	2.100000000E1	1.350000000E2
9.101111111E-1	2.100000000E1	1.380000000E2
9.801111111E-1	2.300000000E1	1.420000000E2
1.050122222E0	2.300000000E1	1.450000000E2
1.120133333E0	2.700000000E1	1.380000000E2
1.190144444E0	3.200000000E1	1.320000000E2
1.260144444E0	3.700000000E1	1.340000000E2
1.330155556E0	3.700000000E1	1.370000000E2
1.400166667E0	4.000000000E1	1.420000000E2
1.470177778E0	4.800000000E1	1.450000000E2
1.540177778E0	4.500000000E1	1.470000000E2
